0.000000 0.000000
21.535921 0.023794
43.071843 0.047578
64.607764 0.071339
86.143686 0.095067
107.679607 0.118752
129.215529 0.142383
150.751450 0.165948
172.287372 0.189439
193.823293 0.212844
215.359215 0.236154
236.895136 0.259360
258.431058 0.282451
279.966979 0.305420
301.502900 0.328257
323.038822 0.350955
344.574743 0.373506
366.110665 0.395901
387.646586 0.418134
409.182508 0.440199
430.718429 0.462089
452.254351 0.483797
473.790272 0.505320
495.326194 0.526650
516.862115 0.547785
538.398037 0.568720
559.933958 0.589450
581.469879 0.609973
603.005801 0.630285
624.541722 0.650384
646.077644 0.670267
667.613565 0.689932
689.149487 0.709378
710.685408 0.728603
732.221330 0.747606
753.757251 0.766387
775.293173 0.784944
796.829094 0.803278
818.365016 0.821390
839.900937 0.839278
861.436858 0.856944
882.972780 0.874388
904.508701 0.891612
926.044623 0.908616
947.580544 0.925401
969.116466 0.941970
990.652387 0.958323
1012.188309 0.974463
1033.724230 0.990391
1055.260152 1.006109
1076.796073 1.021619
1098.331995 1.036924
1119.867916 1.052025
1141.403837 1.066925
1162.939759 1.081626
1184.475680 1.096131
1206.011602 1.110442
1227.547523 1.124562
1249.083445 1.138492
1270.619366 1.152236
1292.155288 1.165797
1313.691209 1.179176
1335.227131 1.192377
1356.763052 1.205402
1378.298973 1.218254
1399.834895 1.230935
1421.370816 1.243447
1442.906738 1.255795
1464.442659 1.267980
1485.978581 1.280004
1507.514502 1.291870
1529.050424 1.303582
1550.586345 1.315141
1572.122267 1.326550
1593.658188 1.337811
1615.194110 1.348927
1636.730031 1.359900
1658.265952 1.370733
1679.801874 1.381428
1701.337795 1.391987
1722.873717 1.402413
1744.409638 1.412707
1765.945560 1.422873
1787.481481 1.432913
1809.017403 1.442828
1830.553324 1.452620
1852.089246 1.462292
1873.625167 1.471847
1895.161089 1.481285
1916.697010 1.490609
1938.232931 1.499821
1959.768853 1.508922
1981.304774 1.517916
2002.840696 1.526803
2024.376617 1.535585
2045.912539 1.544265
2067.448460 1.552843
2088.984382 1.561322
2110.520303 1.569704
2132.056225 1.577990
2153.592146 1.586181
2175.128068 1.594280
2196.663989 1.602288
2218.199910 1.610206
2239.735832 1.618036
2261.271753 1.625780
2282.807675 1.633438
2304.343596 1.641013
2325.879518 1.648506
2347.415439 1.655917
2368.951361 1.663250
2390.487282 1.670504
2412.023204 1.677681
2433.559125 1.684782
2455.095047 1.691810
2476.630968 1.698764
2498.166889 1.705646
2519.702811 1.712457
2541.238732 1.719199
2562.774654 1.725872
2584.310575 1.732478
2605.846497 1.739017
2627.382418 1.745491
2648.918340 1.751901
2670.454261 1.758248
2691.990183 1.764533
2713.526104 1.770756
2735.062026 1.776919
2756.597947 1.783023
2778.133868 1.789069
2799.669790 1.795057
2821.205711 1.800989
2842.741633 1.806865
2864.277554 1.812686
2885.813476 1.818453
2907.349397 1.824167
2928.885319 1.829828
2950.421240 1.835438
2971.957162 1.840998
2993.493083 1.846507
3015.029005 1.851967
3036.564926 1.857378
3058.100847 1.862742
3079.636769 1.868058
3101.172690 1.873328
3122.708612 1.878552
3144.244533 1.883732
3165.780455 1.888866
3187.316376 1.893957
3208.852298 1.899005
3230.388219 1.904010
3251.924141 1.908974
3273.460062 1.913896
3294.995984 1.918777
3316.531905 1.923618
3338.067826 1.928420
3359.603748 1.933182
3381.139669 1.937906
3402.675591 1.942592
3424.211512 1.947241
3445.747434 1.951852
3467.283355 1.956427
3488.819277 1.960967
3510.355198 1.965470
3531.891120 1.969939
3553.427041 1.974373
3574.962963 1.978774
3596.498884 1.983140
3618.034805 1.987474
3639.570727 1.991775
3661.106648 1.996043
3682.642570 2.000280
3704.178491 2.004485
3725.714413 2.008659
3747.250334 2.012803
3768.786256 2.016916
3790.322177 2.021000
3811.858099 2.025054
3833.394020 2.029079
3854.929941 2.033075
3876.465863 2.037043
3898.001784 2.040983
3919.537706 2.044895
3941.073627 2.048780
3962.609549 2.052638
3984.145470 2.056469
4005.681392 2.060274
4027.217313 2.064053
4048.753235 2.067806
4070.289156 2.071534
4091.825078 2.075237
4113.360999 2.078916
4134.896920 2.082569
4156.432842 2.086199
4177.968763 2.089805
4199.504685 2.093387
4221.040606 2.096946
4242.576528 2.100482
4264.112449 2.103995
4285.648371 2.107485
4307.184292 2.110953
4328.720214 2.114400
4350.256135 2.117824
4371.792057 2.121227
4393.327978 2.124609
4414.863899 2.127970
4436.399821 2.131310
4457.935742 2.134630
4479.471664 2.137929
4501.007585 2.141208
4522.543507 2.144468
4544.079428 2.147708
4565.615350 2.150928
4587.151271 2.154129
4608.687193 2.157312
4630.223114 2.160475
4651.759036 2.163620
4673.294957 2.166746
4694.830878 2.169855
4716.366800 2.172945
4737.902721 2.176018
4759.438643 2.179073
4780.974564 2.182111
4802.510486 2.185131
4824.046407 2.188135
4845.582329 2.191121
4867.118250 2.194091
4888.654172 2.197044
4910.190093 2.199981
4931.726015 2.202902
4953.261936 2.205807
4974.797857 2.208696
4996.333779 2.211570
5017.869700 2.214428
5039.405622 2.217270
5060.941543 2.220098
5082.477465 2.222910
5104.013386 2.225707
5125.549308 2.228490
5147.085229 2.231258
5168.621151 2.234012
5190.157072 2.236751
5211.692994 2.239477
5233.228915 2.242188
5254.764836 2.244885
5276.300758 2.247569
5297.836679 2.250239
5319.372601 2.252895
5340.908522 2.255538
5362.444444 2.258168
5383.980365 2.260785
5405.516287 2.263389
5427.052208 2.265980
5448.588130 2.268558
5470.124051 2.271124
5491.659973 2.273677
5513.195894 2.276218
5534.731815 2.278746
5556.267737 2.281263
5577.803658 2.283767
5599.339580 2.286260
5620.875501 2.288741
5642.411423 2.291210
5663.947344 2.293667
5685.483266 2.296113
5707.019187 2.298548
5728.555109 2.300971
5750.091030 2.303383
5771.626952 2.305784
5793.162873 2.308174
5814.698794 2.310553
5836.234716 2.312922
5857.770637 2.315280
5879.306559 2.317627
5900.842480 2.319964
5922.378402 2.322290
5943.914323 2.324606
5965.450245 2.326912
5986.986166 2.329208
6008.522088 2.331493
6030.058009 2.333769
6051.593930 2.336035
6073.129852 2.338291
6094.665773 2.340537
6116.201695 2.342774
6137.737616 2.345001
6159.273538 2.347219
6180.809459 2.349428
6202.345381 2.351627
6223.881302 2.353817
6245.417224 2.355998
6266.953145 2.358169
6288.489067 2.360332
6310.024988 2.362486
6331.560909 2.364631
6353.096831 2.366767
6374.632752 2.368895
6396.168674 2.371014
6417.704595 2.373124
6439.240517 2.375226
6460.776438 2.377320
6482.312360 2.379405
6503.848281 2.381482
6525.384203 2.383551
6546.920124 2.385612
6568.456046 2.387664
6589.991967 2.389709
6611.527888 2.391746
6633.063810 2.393774
6654.599731 2.395795
6676.135653 2.397809
6697.671574 2.399814
6719.207496 2.401812
6740.743417 2.403802
6762.279339 2.405785
6783.815260 2.407761
6805.351182 2.409729
6826.887103 2.411689
6848.423025 2.413643
6869.958946 2.415589
6891.494867 2.417528
6913.030789 2.419460
6934.566710 2.421384
6956.102632 2.423302
6977.638553 2.425213
6999.174475 2.427117
7020.710396 2.429014
7042.246318 2.430904
7063.782239 2.432788
7085.318161 2.434665
7106.854082 2.436535
7128.390004 2.438399
7149.925925 2.440256
7171.461846 2.442107
7192.997768 2.443951
7214.533689 2.445789
7236.069611 2.447620
7257.605532 2.449445
7279.141454 2.451264
7300.677375 2.453077
7322.213297 2.454883
7343.749218 2.456683
7365.285140 2.458478
7386.821061 2.460266
7408.356983 2.462048
7429.892904 2.463825
7451.428825 2.465595
7472.964747 2.467360
7494.500668 2.469118
7516.036590 2.470871
7537.572511 2.472618
7559.108433 2.474360
7580.644354 2.476096
7602.180276 2.477826
7623.716197 2.479551
7645.252119 2.481270
7666.788040 2.482983
7688.323962 2.484692
7709.859883 2.486394
7731.395804 2.488092
7752.931726 2.489784
7774.467647 2.491470
7796.003569 2.493152
7817.539490 2.494828
7839.075412 2.496499
7860.611333 2.498165
7882.147255 2.499826
7903.683176 2.501481
7925.219098 2.503132
7946.755019 2.504777
7968.290941 2.506418
7989.826862 2.508053
8011.362783 2.509684
8032.898705 2.511310
8054.434626 2.512931
8075.970548 2.514547
8097.506469 2.516158
8119.042391 2.517764
8140.578312 2.519366
8162.114234 2.520963
8183.650155 2.522556
8205.186077 2.524143
8226.721998 2.525726
8248.257920 2.527305
8269.793841 2.528879
8291.329762 2.530449
8312.865684 2.532014
8334.401605 2.533574
8355.937527 2.535130
8377.473448 2.536682
8399.009370 2.538229
8420.545291 2.539772
8442.081213 2.541311
8463.617134 2.542845
8485.153056 2.544375
8506.688977 2.545901
8528.224898 2.547423
8549.760820 2.548941
8571.296741 2.550454
8592.832663 2.551963
8614.368584 2.553468
8635.904506 2.554969
8657.440427 2.556466
8678.976349 2.557959
8700.512270 2.559448
8722.048192 2.560933
8743.584113 2.562414
8765.120035 2.563891
8786.655956 2.565365
8808.191877 2.566834
8829.727799 2.568299
8851.263720 2.569761
8872.799642 2.571219
8894.335563 2.572673
8915.871485 2.574123
8937.407406 2.575570
8958.943328 2.577013
8980.479249 2.578452
9002.015171 2.579887
9023.551092 2.581319
9045.087014 2.582747
9066.622935 2.584172
9088.158856 2.585593
9109.694778 2.587011
9131.230699 2.588425
9152.766621 2.589835
9174.302542 2.591242
9195.838464 2.592645
9217.374385 2.594046
9238.910307 2.595442
9260.446228 2.596835
9281.982150 2.598225
9303.518071 2.599611
9325.053993 2.600995
9346.589914 2.602374
9368.125835 2.603751
9389.661757 2.605124
9411.197678 2.606494
9432.733600 2.607860
9454.269521 2.609224
9475.805443 2.610584
9497.341364 2.611941
9518.877286 2.613295
9540.413207 2.614645
9561.949129 2.615993
9583.485050 2.617337
9605.020972 2.618678
9626.556893 2.620016
9648.092814 2.621351
9669.628736 2.622684
9691.164657 2.624013
9712.700579 2.625338
9734.236500 2.626661
9755.772422 2.627981
9777.308343 2.629299
9798.844265 2.630613
9820.380186 2.631924
9841.916108 2.633232
9863.452029 2.634537
9884.987951 2.635840
9906.523872 2.637139
9928.059793 2.638436
9949.595715 2.639730
9971.131636 2.641021
9992.667558 2.642309
10014.203479 2.643595
10035.739401 2.644878
10057.275322 2.646158
10078.811244 2.647435
10100.347165 2.648709
10121.883087 2.649981
10143.419008 2.651250
10164.954930 2.652517
10186.490851 2.653780
10208.026772 2.655041
10229.562694 2.656300
10251.098615 2.657556
10272.634537 2.658809
10294.170458 2.660060
10315.706380 2.661308
10337.242301 2.662553
10358.778223 2.663796
10380.314144 2.665037
10401.850066 2.666274
10423.385987 2.667510
10444.921909 2.668743
10466.457830 2.669973
10487.993751 2.671201
10509.529673 2.672427
10531.065594 2.673650
10552.601516 2.674870
10574.137437 2.676088
10595.673359 2.677304
10617.209280 2.678518
10638.745202 2.679729
10660.281123 2.680937
10681.817045 2.682144
10703.352966 2.683348
10724.888888 2.684549
10746.424809 2.685749
10767.960730 2.686946
10789.496652 2.688140
10811.032573 2.689333
10832.568495 2.690523
10854.104416 2.691711
10875.640338 2.692897
10897.176259 2.694080
10918.712181 2.695261
10940.248102 2.696440
10961.784024 2.697617
10983.319945 2.698792
11004.855866 2.699964
11026.391788 2.701135
11047.927709 2.702303
11069.463631 2.703469
11090.999552 2.704633
11112.535474 2.705795
11134.071395 2.706954
11155.607317 2.708112
11177.143238 2.709267
11198.679160 2.710421
11220.215081 2.711572
11241.751003 2.712722
11263.286924 2.713869
11284.822845 2.715014
11306.358767 2.716157
11327.894688 2.717299
11349.430610 2.718438
11370.966531 2.719575
11392.502453 2.720710
11414.038374 2.721844
11435.574296 2.722975
11457.110217 2.724105
11478.646139 2.725232
11500.182060 2.726358
11521.717982 2.727481
11543.253903 2.728603
11564.789824 2.729723
11586.325746 2.730841
11607.861667 2.731957
11629.397589 2.733071
11650.933510 2.734183
11672.469432 2.735294
11694.005353 2.736402
11715.541275 2.737509
11737.077196 2.738614
11758.613118 2.739717
11780.149039 2.740818
11801.684961 2.741918
11823.220882 2.743016
11844.756803 2.744112
11866.292725 2.745206
11887.828646 2.746298
11909.364568 2.747389
11930.900489 2.748478
11952.436411 2.749565
11973.972332 2.750651
11995.508254 2.751735
12017.044175 2.752817
12038.580097 2.753897
12060.116018 2.754976
12081.651940 2.756053
12103.187861 2.757128
12124.723782 2.758202
12146.259704 2.759274
12167.795625 2.760344
12189.331547 2.761413
12210.867468 2.762480
12232.403390 2.763545
12253.939311 2.764609
12275.475233 2.765671
12297.011154 2.766732
12318.547076 2.767791
12340.082997 2.768849
12361.618919 2.769904
12383.154840 2.770959
12404.690761 2.772012
12426.226683 2.773063
12447.762604 2.774112
12469.298526 2.775161
12490.834447 2.776207
12512.370369 2.777252
12533.906290 2.778296
12555.442212 2.779338
12576.978133 2.780378
12598.514055 2.781417
12620.049976 2.782455
12641.585898 2.783491
12663.121819 2.784526
12684.657740 2.785559
12706.193662 2.786590
12727.729583 2.787621
12749.265505 2.788649
12770.801426 2.789677
12792.337348 2.790703
12813.873269 2.791727
12835.409191 2.792750
12856.945112 2.793772
12878.481034 2.794792
12900.016955 2.795811
12921.552877 2.796828
12943.088798 2.797845
12964.624719 2.798859
12986.160641 2.799873
13007.696562 2.800885
13029.232484 2.801895
13050.768405 2.802905
13072.304327 2.803913
13093.840248 2.804919
13115.376170 2.805924
13136.912091 2.806928
13158.448013 2.807931
13179.983934 2.808932
13201.519856 2.809932
13223.055777 2.810931
13244.591698 2.811929
13266.127620 2.812925
13287.663541 2.813920
13309.199463 2.814913
13330.735384 2.815906
13352.271306 2.816897
13373.807227 2.817887
13395.343149 2.818875
13416.879070 2.819862
13438.414992 2.820849
13459.950913 2.821833
13481.486834 2.822817
13503.022756 2.823800
13524.558677 2.824781
13546.094599 2.825761
13567.630520 2.826740
13589.166442 2.827717
13610.702363 2.828694
13632.238285 2.829669
13653.774206 2.830643
13675.310128 2.831616
13696.846049 2.832588
13718.381971 2.833558
13739.917892 2.834528
13761.453813 2.835496
13782.989735 2.836463
13804.525656 2.837429
13826.061578 2.838394
13847.597499 2.839358
13869.133421 2.840320
13890.669342 2.841282
13912.205264 2.842242
13933.741185 2.843201
13955.277107 2.844160
13976.813028 2.845117
13998.348950 2.846073
14019.884871 2.847027
14041.420792 2.847981
14062.956714 2.848934
14084.492635 2.849886
14106.028557 2.850836
14127.564478 2.851786
14149.100400 2.852734
14170.636321 2.853682
14192.172243 2.854628
14213.708164 2.855574
14235.244086 2.856518
14256.780007 2.857461
14278.315929 2.858404
14299.851850 2.859345
14321.387771 2.860285
14342.923693 2.861224
14364.459614 2.862163
14385.995536 2.863100
14407.531457 2.864036
14429.067379 2.864971
14450.603300 2.865906
14472.139222 2.866839
14493.675143 2.867771
14515.211065 2.868703
14536.746986 2.869633
14558.282908 2.870563
14579.818829 2.871491
14601.354750 2.872419
14622.890672 2.873345
14644.426593 2.874271
14665.962515 2.875196
14687.498436 2.876119
14709.034358 2.877042
14730.570279 2.877964
14752.106201 2.878885
14773.642122 2.879805
14795.178044 2.880724
14816.713965 2.881643
14838.249887 2.882560
14859.785808 2.883476
14881.321729 2.884392
14902.857651 2.885307
14924.393572 2.886221
14945.929494 2.887133
14967.465415 2.888045
14989.001337 2.888957
15010.537258 2.889867
15032.073180 2.890776
15053.609101 2.891685
15075.145023 2.892593
15096.680944 2.893500
15118.216866 2.894406
15139.752787 2.895311
15161.288708 2.896215
15182.824630 2.897119
15204.360551 2.898022
15225.896473 2.898923
15247.432394 2.899825
15268.968316 2.900725
15290.504237 2.901624
15312.040159 2.902523
15333.576080 2.903421
15355.112002 2.904318
15376.647923 2.905214
15398.183845 2.906109
15419.719766 2.907004
15441.255687 2.907898
15462.791609 2.908791
15484.327530 2.909683
15505.863452 2.910575
15527.399373 2.911466
15548.935295 2.912356
15570.471216 2.913245
15592.007138 2.914133
15613.543059 2.915021
15635.078981 2.915908
15656.614902 2.916794
15678.150823 2.917680
15699.686745 2.918565
15721.222666 2.919449
15742.758588 2.920332
15764.294509 2.921215
15785.830431 2.922096
15807.366352 2.922978
15828.902274 2.923858
15850.438195 2.924738
15871.974117 2.925617
15893.510038 2.926495
15915.045960 2.927373
15936.581881 2.928250
15958.117802 2.929126
15979.653724 2.930001
16001.189645 2.930876
16022.725567 2.931750
16044.261488 2.932624
16065.797410 2.933497
16087.333331 2.934369
16108.869253 2.935240
16130.405174 2.936111
16151.941096 2.936981
16173.477017 2.937851
16195.012939 2.938719
16216.548860 2.939588
16238.084781 2.940455
16259.620703 2.941322
16281.156624 2.942188
16302.692546 2.943054
16324.228467 2.943919
16345.764389 2.944783
16367.300310 2.945647
16388.836232 2.946510
16410.372153 2.947373
16431.908075 2.948234
16453.443996 2.949096
16474.979918 2.949956
16496.515839 2.950816
16518.051760 2.951676
16539.587682 2.952535
16561.123603 2.953393
16582.659525 2.954250
16604.195446 2.955108
16625.731368 2.955964
16647.267289 2.956820
16668.803211 2.957675
16690.339132 2.958530
16711.875054 2.959384
16733.410975 2.960238
16754.946897 2.961091
16776.482818 2.961943
16798.018739 2.962795
16819.554661 2.963646
16841.090582 2.964497
16862.626504 2.965347
16884.162425 2.966197
16905.698347 2.967046
16927.234268 2.967895
16948.770190 2.968743
16970.306111 2.969590
16991.842033 2.970437
17013.377954 2.971284
17034.913876 2.972130
17056.449797 2.972975
17077.985718 2.973820
17099.521640 2.974665
17121.057561 2.975508
17142.593483 2.976352
17164.129404 2.977195
17185.665326 2.978037
17207.201247 2.978879
17228.737169 2.979720
17250.273090 2.980561
17271.809012 2.981401
17293.344933 2.982241
17314.880855 2.983081
17336.416776 2.983919
17357.952697 2.984758
17379.488619 2.985596
17401.024540 2.986433
17422.560462 2.987270
17444.096383 2.988107
17465.632305 2.988943
17487.168226 2.989778
17508.704148 2.990614
17530.240069 2.991448
17551.775991 2.992282
17573.311912 2.993116
17594.847834 2.993950
17616.383755 2.994782
17637.919676 2.995615
17659.455598 2.996447
17680.991519 2.997278
17702.527441 2.998109
17724.063362 2.998940
17745.599284 2.999770
17767.135205 3.000600
17788.671127 3.001430
17810.207048 3.002259
17831.742970 3.003087
17853.278891 3.003915
17874.814813 3.004743
17896.350734 3.005570
17917.886655 3.006397
17939.422577 3.007224
17960.958498 3.008050
17982.494420 3.008876
18004.030341 3.009701
18025.566263 3.010526
18047.102184 3.011351
18068.638106 3.012175
18090.174027 3.012998
18111.709949 3.013822
18133.245870 3.014645
18154.781791 3.015467
18176.317713 3.016290
18197.853634 3.017112
18219.389556 3.017933
18240.925477 3.018754
18262.461399 3.019575
18283.997320 3.020395
18305.533242 3.021216
18327.069163 3.022035
18348.605085 3.022855
18370.141006 3.023674
18391.676928 3.024492
18413.212849 3.025311
18434.748770 3.026129
18456.284692 3.026946
18477.820613 3.027764
18499.356535 3.028580
18520.892456 3.029397
18542.428378 3.030213
18563.964299 3.031029
18585.500221 3.031845
18607.036142 3.032660
18628.572064 3.033475
18650.107985 3.034290
18671.643907 3.035104
18693.179828 3.035919
18714.715749 3.036732
18736.251671 3.037546
18757.787592 3.038359
18779.323514 3.039172
18800.859435 3.039984
18822.395357 3.040797
18843.931278 3.041608
18865.467200 3.042420
18887.003121 3.043232
18908.539043 3.044043
18930.074964 3.044853
18951.610886 3.045664
18973.146807 3.046474
18994.682728 3.047284
19016.218650 3.048094
19037.754571 3.048903
19059.290493 3.049713
19080.826414 3.050521
19102.362336 3.051330
19123.898257 3.052138
19145.434179 3.052947
19166.970100 3.053754
19188.506022 3.054562
19210.041943 3.055369
19231.577865 3.056176
19253.113786 3.056983
19274.649707 3.057790
19296.185629 3.058596
19317.721550 3.059402
19339.257472 3.060208
19360.793393 3.061014
19382.329315 3.061819
19403.865236 3.062625
19425.401158 3.063430
19446.937079 3.064234
19468.473001 3.065039
19490.008922 3.065843
19511.544844 3.066647
19533.080765 3.067451
19554.616686 3.068255
19576.152608 3.069058
19597.688529 3.069861
19619.224451 3.070664
19640.760372 3.071467
19662.296294 3.072270
19683.832215 3.073072
19705.368137 3.073875
19726.904058 3.074677
19748.439980 3.075478
19769.975901 3.076280
19791.511823 3.077082
19813.047744 3.077883
19834.583665 3.078684
19856.119587 3.079485
19877.655508 3.080286
19899.191430 3.081086
19920.727351 3.081887
19942.263273 3.082687
19963.799194 3.083487
19985.335116 3.084287
20006.871037 3.085087
20028.406959 3.085886
20049.942880 3.086686
20071.478802 3.087485
20093.014723 3.088284
20114.550644 3.089083
20136.086566 3.089882
20157.622487 3.090680
20179.158409 3.091479
20200.694330 3.092277
20222.230252 3.093075
20243.766173 3.093873
20265.302095 3.094671
20286.838016 3.095469
20308.373938 3.096267
20329.909859 3.097065
20351.445781 3.097862
20372.981702 3.098659
20394.517623 3.099456
20416.053545 3.100254
20437.589466 3.101050
20459.125388 3.101847
20480.661309 3.102644
20502.197231 3.103441
20523.733152 3.104237
20545.269074 3.105034
20566.804995 3.105830
20588.340917 3.106626
20609.876838 3.107422
20631.412759 3.108218
20652.948681 3.109014
20674.484602 3.109810
20696.020524 3.110606
20717.556445 3.111401
20739.092367 3.112197
20760.628288 3.112992
20782.164210 3.113788
20803.700131 3.114583
20825.236053 3.115378
20846.771974 3.116173
20868.307896 3.116968
20889.843817 3.117763
20911.379738 3.118558
20932.915660 3.119353
20954.451581 3.120148
20975.987503 3.120943
20997.523424 3.121738
21019.059346 3.122532
21040.595267 3.123327
21062.131189 3.124121
21083.667110 3.124916
21105.203032 3.125710
21126.738953 3.126505
21148.274875 3.127299
21169.810796 3.128093
21191.346717 3.128888
21212.882639 3.129682
21234.418560 3.130476
21255.954482 3.131270
21277.490403 3.132064
21299.026325 3.132858
21320.562246 3.133653
21342.098168 3.134447
21363.634089 3.135241
21385.170011 3.136035
21406.705932 3.136829
21428.241854 3.137623
21449.777775 3.138417
21471.313696 3.139211
21492.849618 3.140005
21514.385539 3.140799
21535.921461 3.141593
21557.457382 3.142387
21578.993304 3.143181
21600.529225 3.143975
21622.065147 3.144769
21643.601068 3.145563
21665.136990 3.146357
21686.672911 3.147151
21708.208833 3.147945
21729.744754 3.148739
21751.280675 3.149533
21772.816597 3.150327
21794.352518 3.151121
21815.888440 3.151915
21837.424361 3.152709
21858.960283 3.153503
21880.496204 3.154298
21902.032126 3.155092
21923.568047 3.155886
21945.103969 3.156681
21966.639890 3.157475
21988.175812 3.158270
22009.711733 3.159064
22031.247654 3.159859
22052.783576 3.160653
22074.319497 3.161448
22095.855419 3.162242
22117.391340 3.163037
22138.927262 3.163832
22160.463183 3.164627
22181.999105 3.165422
22203.535026 3.166217
22225.070948 3.167012
22246.606869 3.167807
22268.142791 3.168602
22289.678712 3.169398
22311.214633 3.170193
22332.750555 3.170989
22354.286476 3.171784
22375.822398 3.172580
22397.358319 3.173375
22418.894241 3.174171
22440.430162 3.174967
22461.966084 3.175763
22483.502005 3.176559
22505.037927 3.177355
22526.573848 3.178152
22548.109770 3.178948
22569.645691 3.179745
22591.181612 3.180541
22612.717534 3.181338
22634.253455 3.182135
22655.789377 3.182932
22677.325298 3.183729
22698.861220 3.184526
22720.397141 3.185323
22741.933063 3.186121
22763.468984 3.186918
22785.004906 3.187716
22806.540827 3.188514
22828.076749 3.189312
22849.612670 3.190110
22871.148591 3.190908
22892.684513 3.191707
22914.220434 3.192505
22935.756356 3.193304
22957.292277 3.194102
22978.828199 3.194901
23000.364120 3.195701
23021.900042 3.196500
23043.435963 3.197299
23064.971885 3.198099
23086.507806 3.198899
23108.043727 3.199698
23129.579649 3.200498
23151.115570 3.201299
23172.651492 3.202099
23194.187413 3.202900
23215.723335 3.203700
23237.259256 3.204501
23258.795178 3.205302
23280.331099 3.206104
23301.867021 3.206905
23323.402942 3.207707
23344.938864 3.208509
23366.474785 3.209311
23388.010706 3.210113
23409.546628 3.210915
23431.082549 3.211718
23452.618471 3.212521
23474.154392 3.213324
23495.690314 3.214127
23517.226235 3.214931
23538.762157 3.215734
23560.298078 3.216538
23581.834000 3.217342
23603.369921 3.218147
23624.905843 3.218951
23646.441764 3.219756
23667.977685 3.220561
23689.513607 3.221366
23711.049528 3.222171
23732.585450 3.222977
23754.121371 3.223783
23775.657293 3.224589
23797.193214 3.225395
23818.729136 3.226202
23840.265057 3.227009
23861.800979 3.227816
23883.336900 3.228623
23904.872822 3.229431
23926.408743 3.230239
23947.944664 3.231047
23969.480586 3.231855
23991.016507 3.232664
24012.552429 3.233473
24034.088350 3.234282
24055.624272 3.235091
24077.160193 3.235901
24098.696115 3.236711
24120.232036 3.237521
24141.767958 3.238332
24163.303879 3.239143
24184.839801 3.239954
24206.375722 3.240765
24227.911643 3.241577
24249.447565 3.242389
24270.983486 3.243201
24292.519408 3.244014
24314.055329 3.244826
24335.591251 3.245640
24357.127172 3.246453
24378.663094 3.247267
24400.199015 3.248081
24421.734937 3.248895
24443.270858 3.249710
24464.806780 3.250525
24486.342701 3.251340
24507.878622 3.252156
24529.414544 3.252972
24550.950465 3.253788
24572.486387 3.254605
24594.022308 3.255422
24615.558230 3.256239
24637.094151 3.257057
24658.630073 3.257875
24680.165994 3.258693
24701.701916 3.259512
24723.237837 3.260331
24744.773759 3.261150
24766.309680 3.261970
24787.845601 3.262790
24809.381523 3.263610
24830.917444 3.264431
24852.453366 3.265252
24873.989287 3.266074
24895.525209 3.266896
24917.061130 3.267718
24938.597052 3.268540
24960.132973 3.269363
24981.668895 3.270187
25003.204816 3.271011
25024.740738 3.271835
25046.276659 3.272659
25067.812580 3.273484
25089.348502 3.274310
25110.884423 3.275135
25132.420345 3.275961
25153.956266 3.276788
25175.492188 3.277615
25197.028109 3.278442
25218.564031 3.279270
25240.099952 3.280098
25261.635874 3.280927
25283.171795 3.281756
25304.707717 3.282585
25326.243638 3.283415
25347.779559 3.284245
25369.315481 3.285076
25390.851402 3.285907
25412.387324 3.286738
25433.923245 3.287570
25455.459167 3.288403
25476.995088 3.289236
25498.531010 3.290069
25520.066931 3.290903
25541.602853 3.291737
25563.138774 3.292572
25584.674695 3.293407
25606.210617 3.294242
25627.746538 3.295079
25649.282460 3.295915
25670.818381 3.296752
25692.354303 3.297589
25713.890224 3.298427
25735.426146 3.299266
25756.962067 3.300105
25778.497989 3.300944
25800.033910 3.301784
25821.569832 3.302624
25843.105753 3.303465
25864.641674 3.304307
25886.177596 3.305148
25907.713517 3.305991
25929.249439 3.306834
25950.785360 3.307677
25972.321282 3.308521
25993.857203 3.309365
26015.393125 3.310210
26036.929046 3.311055
26058.464968 3.311901
26080.000889 3.312748
26101.536811 3.313595
26123.072732 3.314442
26144.608653 3.315290
26166.144575 3.316139
26187.680496 3.316988
26209.216418 3.317838
26230.752339 3.318688
26252.288261 3.319539
26273.824182 3.320390
26295.360104 3.321242
26316.896025 3.322095
26338.431947 3.322948
26359.967868 3.323801
26381.503790 3.324655
26403.039711 3.325510
26424.575632 3.326365
26446.111554 3.327221
26467.647475 3.328078
26489.183397 3.328935
26510.719318 3.329792
26532.255240 3.330651
26553.791161 3.331510
26575.327083 3.332369
26596.863004 3.333229
26618.398926 3.334090
26639.934847 3.334951
26661.470769 3.335813
26683.006690 3.336675
26704.542611 3.337538
26726.078533 3.338402
26747.614454 3.339266
26769.150376 3.340131
26790.686297 3.340997
26812.222219 3.341863
26833.758140 3.342730
26855.294062 3.343598
26876.829983 3.344466
26898.365905 3.345335
26919.901826 3.346204
26941.437748 3.347074
26962.973669 3.347945
26984.509590 3.348817
27006.045512 3.349689
27027.581433 3.350562
27049.117355 3.351435
27070.653276 3.352309
27092.189198 3.353184
27113.725119 3.354060
27135.261041 3.354936
27156.796962 3.355813
27178.332884 3.356690
27199.868805 3.357569
27221.404727 3.358448
27242.940648 3.359327
27264.476569 3.360208
27286.012491 3.361089
27307.548412 3.361971
27329.084334 3.362853
27350.620255 3.363737
27372.156177 3.364621
27393.692098 3.365505
27415.228020 3.366391
27436.763941 3.367277
27458.299863 3.368164
27479.835784 3.369052
27501.371706 3.369940
27522.907627 3.370830
27544.443548 3.371720
27565.979470 3.372610
27587.515391 3.373502
27609.051313 3.374394
27630.587234 3.375287
27652.123156 3.376181
27673.659077 3.377076
27695.194999 3.377971
27716.730920 3.378868
27738.266842 3.379765
27759.802763 3.380662
27781.338684 3.381561
27802.874606 3.382461
27824.410527 3.383361
27845.946449 3.384262
27867.482370 3.385164
27889.018292 3.386066
27910.554213 3.386970
27932.090135 3.387874
27953.626056 3.388780
27975.161978 3.389686
27996.697899 3.390593
28018.233821 3.391500
28039.769742 3.392409
28061.305663 3.393318
28082.841585 3.394229
28104.377506 3.395140
28125.913428 3.396052
28147.449349 3.396965
28168.985271 3.397879
28190.521192 3.398793
28212.057114 3.399709
28233.593035 3.400625
28255.128957 3.401543
28276.664878 3.402461
28298.200800 3.403380
28319.736721 3.404300
28341.272642 3.405221
28362.808564 3.406143
28384.344485 3.407066
28405.880407 3.407990
28427.416328 3.408914
28448.952250 3.409840
28470.488171 3.410767
28492.024093 3.411694
28513.560014 3.412623
28535.095936 3.413552
28556.631857 3.414483
28578.167779 3.415414
28599.703700 3.416346
28621.239621 3.417280
28642.775543 3.418214
28664.311464 3.419149
28685.847386 3.420085
28707.383307 3.421023
28728.919229 3.421961
28750.455150 3.422900
28771.991072 3.423840
28793.526993 3.424782
28815.062915 3.425724
28836.598836 3.426667
28858.134758 3.427612
28879.670679 3.428557
28901.206600 3.429503
28922.742522 3.430451
28944.278443 3.431399
28965.814365 3.432349
28987.350286 3.433300
29008.886208 3.434251
29030.422129 3.435204
29051.958051 3.436158
29073.493972 3.437113
29095.029894 3.438069
29116.565815 3.439026
29138.101737 3.439984
29159.637658 3.440943
29181.173579 3.441904
29202.709501 3.442865
29224.245422 3.443828
29245.781344 3.444791
29267.317265 3.445756
29288.853187 3.446722
29310.389108 3.447689
29331.925030 3.448658
29353.460951 3.449627
29374.996873 3.450598
29396.532794 3.451569
29418.068716 3.452542
29439.604637 3.453516
29461.140558 3.454492
29482.676480 3.455468
29504.212401 3.456446
29525.748323 3.457425
29547.284244 3.458405
29568.820166 3.459386
29590.356087 3.460368
29611.892009 3.461352
29633.427930 3.462337
29654.963852 3.463323
29676.499773 3.464310
29698.035695 3.465299
29719.571616 3.466289
29741.107537 3.467280
29762.643459 3.468272
29784.179380 3.469266
29805.715302 3.470261
29827.251223 3.471257
29848.787145 3.472254
29870.323066 3.473253
29891.858988 3.474253
29913.394909 3.475254
29934.930831 3.476257
29956.466752 3.477261
29978.002674 3.478266
29999.538595 3.479273
30021.074516 3.480281
30042.610438 3.481290
30064.146359 3.482301
30085.682281 3.483313
30107.218202 3.484326
30128.754124 3.485341
30150.290045 3.486357
30171.825967 3.487374
30193.361888 3.488393
30214.897810 3.489413
30236.433731 3.490435
30257.969652 3.491458
30279.505574 3.492483
30301.041495 3.493509
30322.577417 3.494536
30344.113338 3.495565
30365.649260 3.496595
30387.185181 3.497627
30408.721103 3.498660
30430.257024 3.499694
30451.792946 3.500730
30473.328867 3.501768
30494.864789 3.502807
30516.400710 3.503848
30537.936631 3.504890
30559.472553 3.505933
30581.008474 3.506978
30602.544396 3.508025
30624.080317 3.509073
30645.616239 3.510123
30667.152160 3.511174
30688.688082 3.512227
30710.224003 3.513281
30731.759925 3.514337
30753.295846 3.515394
30774.831768 3.516453
30796.367689 3.517514
30817.903610 3.518576
30839.439532 3.519640
30860.975453 3.520705
30882.511375 3.521772
30904.047296 3.522841
30925.583218 3.523912
30947.119139 3.524984
30968.655061 3.526057
30990.190982 3.527133
31011.726904 3.528210
31033.262825 3.529288
31054.798747 3.530369
31076.334668 3.531451
31097.870589 3.532535
31119.406511 3.533620
31140.942432 3.534707
31162.478354 3.535796
31184.014275 3.536887
31205.550197 3.537979
31227.086118 3.539074
31248.622040 3.540170
31270.157961 3.541267
31291.693883 3.542367
31313.229804 3.543468
31334.765726 3.544571
31356.301647 3.545676
31377.837568 3.546783
31399.373490 3.547892
31420.909411 3.549002
31442.445333 3.550115
31463.981254 3.551229
31485.517176 3.552345
31507.053097 3.553463
31528.589019 3.554582
31550.124940 3.555704
31571.660862 3.556828
31593.196783 3.557953
31614.732705 3.559081
31636.268626 3.560210
31657.804547 3.561342
31679.340469 3.562475
31700.876390 3.563610
31722.412312 3.564747
31743.948233 3.565887
31765.484155 3.567028
31787.020076 3.568171
31808.555998 3.569316
31830.091919 3.570464
31851.627841 3.571613
31873.163762 3.572764
31894.699684 3.573918
31916.235605 3.575073
31937.771526 3.576231
31959.307448 3.577391
31980.843369 3.578552
32002.379291 3.579716
32023.915212 3.580882
32045.451134 3.582051
32066.987055 3.583221
32088.522977 3.584393
32110.058898 3.585568
32131.594820 3.586745
32153.130741 3.587924
32174.666663 3.589105
32196.202584 3.590289
32217.738505 3.591474
32239.274427 3.592662
32260.810348 3.593853
32282.346270 3.595045
32303.882191 3.596240
32325.418113 3.597437
32346.954034 3.598636
32368.489956 3.599838
32390.025877 3.601042
32411.561799 3.602248
32433.097720 3.603457
32454.633642 3.604668
32476.169563 3.605881
32497.705484 3.607097
32519.241406 3.608315
32540.777327 3.609536
32562.313249 3.610759
32583.849170 3.611984
32605.385092 3.613212
32626.921013 3.614443
32648.456935 3.615675
32669.992856 3.616911
32691.528778 3.618149
32713.064699 3.619389
32734.600620 3.620632
32756.136542 3.621878
32777.672463 3.623126
32799.208385 3.624376
32820.744306 3.625630
32842.280228 3.626885
32863.816149 3.628144
32885.352071 3.629405
32906.887992 3.630669
32928.423914 3.631935
32949.959835 3.633204
32971.495757 3.634476
32993.031678 3.635751
33014.567599 3.637028
33036.103521 3.638308
33057.639442 3.639590
33079.175364 3.640876
33100.711285 3.642164
33122.247207 3.643455
33143.783128 3.644749
33165.319050 3.646046
33186.854971 3.647346
33208.390893 3.648648
33229.926814 3.649953
33251.462736 3.651262
33272.998657 3.652573
33294.534578 3.653887
33316.070500 3.655204
33337.606421 3.656524
33359.142343 3.657847
33380.678264 3.659173
33402.214186 3.660502
33423.750107 3.661834
33445.286029 3.663169
33466.821950 3.664507
33488.357872 3.665848
33509.893793 3.667193
33531.429715 3.668540
33552.965636 3.669891
33574.501557 3.671245
33596.037479 3.672601
33617.573400 3.673962
33639.109322 3.675325
33660.645243 3.676692
33682.181165 3.678061
33703.717086 3.679435
33725.253008 3.680811
33746.788929 3.682191
33768.324851 3.683574
33789.860772 3.684960
33811.396694 3.686350
33832.932615 3.687743
33854.468536 3.689140
33876.004458 3.690540
33897.540379 3.691943
33919.076301 3.693350
33940.612222 3.694761
33962.148144 3.696175
33983.684065 3.697592
34005.219987 3.699013
34026.755908 3.700438
34048.291830 3.701866
34069.827751 3.703298
34091.363673 3.704733
34112.899594 3.706173
34134.435515 3.707615
34155.971437 3.709062
34177.507358 3.710512
34199.043280 3.711966
34220.579201 3.713424
34242.115123 3.714886
34263.651044 3.716351
34285.186966 3.717821
34306.722887 3.719294
34328.258809 3.720771
34349.794730 3.722252
34371.330652 3.723737
34392.866573 3.725226
34414.402494 3.726719
34435.938416 3.728216
34457.474337 3.729717
34479.010259 3.731222
34500.546180 3.732731
34522.082102 3.734245
34543.618023 3.735762
34565.153945 3.737284
34586.689866 3.738810
34608.225788 3.740340
34629.761709 3.741874
34651.297631 3.743413
34672.833552 3.744956
34694.369473 3.746503
34715.905395 3.748055
34737.441316 3.749611
34758.977238 3.751172
34780.513159 3.752737
34802.049081 3.754306
34823.585002 3.755880
34845.120924 3.757459
34866.656845 3.759042
34888.192767 3.760630
34909.728688 3.762222
34931.264610 3.763819
34952.800531 3.765421
34974.336452 3.767027
34995.872374 3.768639
35017.408295 3.770255
35038.944217 3.771876
35060.480138 3.773501
35082.016060 3.775132
35103.551981 3.776768
35125.087903 3.778408
35146.623824 3.780054
35168.159746 3.781704
35189.695667 3.783360
35211.231588 3.785020
35232.767510 3.786686
35254.303431 3.788357
35275.839353 3.790033
35297.375274 3.791715
35318.911196 3.793402
35340.447117 3.795094
35361.983039 3.796791
35383.518960 3.798494
35405.054882 3.800202
35426.590803 3.801915
35448.126725 3.803635
35469.662646 3.805359
35491.198567 3.807089
35512.734489 3.808825
35534.270410 3.810567
35555.806332 3.812314
35577.342253 3.814067
35598.878175 3.815826
35620.414096 3.817590
35641.950018 3.819361
35663.485939 3.821137
35685.021861 3.822919
35706.557782 3.824708
35728.093704 3.826502
35749.629625 3.828302
35771.165546 3.830109
35792.701468 3.831921
35814.237389 3.833740
35835.773311 3.835565
35857.309232 3.837397
35878.845154 3.839235
35900.381075 3.841079
35921.916997 3.842929
35943.452918 3.844786
35964.988840 3.846650
35986.524761 3.848520
36008.060683 3.850397
36029.596604 3.852281
36051.132525 3.854171
36072.668447 3.856068
36094.204368 3.857972
36115.740290 3.859883
36137.276211 3.861801
36158.812133 3.863726
36180.348054 3.865658
36201.883976 3.867597
36223.419897 3.869543
36244.955819 3.871496
36266.491740 3.873457
36288.027662 3.875425
36309.563583 3.877400
36331.099504 3.879383
36352.635426 3.881373
36374.171347 3.883371
36395.707269 3.885377
36417.243190 3.887390
36438.779112 3.889411
36460.315033 3.891440
36481.850955 3.893476
36503.386876 3.895521
36524.922798 3.897574
36546.458719 3.899634
36567.994641 3.901703
36589.530562 3.903780
36611.066483 3.905865
36632.602405 3.907959
36654.138326 3.910061
36675.674248 3.912171
36697.210169 3.914290
36718.746091 3.916418
36740.282012 3.918554
36761.817934 3.920699
36783.353855 3.922853
36804.889777 3.925016
36826.425698 3.927188
36847.961620 3.929369
36869.497541 3.931559
36891.033462 3.933758
36912.569384 3.935966
36934.105305 3.938184
36955.641227 3.940411
36977.177148 3.942648
36998.713070 3.944894
37020.248991 3.947150
37041.784913 3.949416
37063.320834 3.951692
37084.856756 3.953978
37106.392677 3.956273
37127.928599 3.958579
37149.464520 3.960895
37171.000441 3.963222
37192.536363 3.965558
37214.072284 3.967906
37235.608206 3.970263
37257.144127 3.972632
37278.680049 3.975011
37300.215970 3.977401
37321.751892 3.979802
37343.287813 3.982214
37364.823735 3.984638
37386.359656 3.987072
37407.895577 3.989518
37429.431499 3.991976
37450.967420 3.994445
37472.503342 3.996925
37494.039263 3.999418
37515.575185 4.001922
37537.111106 4.004439
37558.647028 4.006967
37580.182949 4.009508
37601.718871 4.012061
37623.254792 4.014627
37644.790714 4.017205
37666.326635 4.019796
37687.862556 4.022400
37709.398478 4.025017
37730.934399 4.027647
37752.470321 4.030290
37774.006242 4.032947
37795.542164 4.035617
37817.078085 4.038300
37838.614007 4.040997
37860.149928 4.043709
37881.685850 4.046434
37903.221771 4.049173
37924.757693 4.051927
37946.293614 4.054695
37967.829535 4.057478
37989.365457 4.060275
38010.901378 4.063088
38032.437300 4.065915
38053.973221 4.068758
38075.509143 4.071616
38097.045064 4.074489
38118.580986 4.077378
38140.116907 4.080283
38161.652829 4.083204
38183.188750 4.086141
38204.724672 4.089094
38226.260593 4.092064
38247.796514 4.095051
38269.332436 4.098054
38290.868357 4.101075
38312.404279 4.104112
38333.940200 4.107167
38355.476122 4.110240
38377.012043 4.113330
38398.547965 4.116439
38420.083886 4.119565
38441.619808 4.122710
38463.155729 4.125874
38484.691651 4.129056
38506.227572 4.132257
38527.763493 4.135478
38549.299415 4.138717
38570.835336 4.141977
38592.371258 4.145256
38613.907179 4.148555
38635.443101 4.151875
38656.979022 4.155215
38678.514944 4.158576
38700.050865 4.161958
38721.586787 4.165361
38743.122708 4.168786
38764.658630 4.172232
38786.194551 4.175700
38807.730472 4.179191
38829.266394 4.182704
38850.802315 4.186240
38872.338237 4.189798
38893.874158 4.193381
38915.410080 4.196986
38936.946001 4.200616
38958.481923 4.204270
38980.017844 4.207948
39001.553766 4.211651
39023.089687 4.215379
39044.625609 4.219132
39066.161530 4.222911
39087.697451 4.226716
39109.233373 4.230548
39130.769294 4.234406
39152.305216 4.238290
39173.841137 4.242203
39195.377059 4.246143
39216.912980 4.250110
39238.448902 4.254107
39259.984823 4.258132
39281.520745 4.262186
39303.056666 4.266269
39324.592588 4.270383
39346.128509 4.274526
39367.664430 4.278700
39389.200352 4.282906
39410.736273 4.287142
39432.272195 4.291411
39453.808116 4.295712
39475.344038 4.300045
39496.879959 4.304412
39518.415881 4.308812
39539.951802 4.313246
39561.487724 4.317715
39583.023645 4.322219
39604.559567 4.326758
39626.095488 4.331333
39647.631409 4.335945
39669.167331 4.340593
39690.703252 4.345279
39712.239174 4.350003
39733.775095 4.354765
39755.311017 4.359567
39776.846938 4.364408
39798.382860 4.369289
39819.918781 4.374211
39841.454703 4.379175
39862.990624 4.384180
39884.526545 4.389228
39906.062467 4.394319
39927.598388 4.399454
39949.134310 4.404633
39970.670231 4.409857
39992.206153 4.415127
40013.742074 4.420444
40035.277996 4.425807
40056.813917 4.431219
40078.349839 4.436678
40099.885760 4.442188
40121.421682 4.447747
40142.957603 4.453357
40164.493524 4.459019
40186.029446 4.464732
40207.565367 4.470500
40229.101289 4.476321
40250.637210 4.482197
40272.173132 4.488128
40293.709053 4.494116
40315.244975 4.500162
40336.780896 4.506266
40358.316818 4.512429
40379.852739 4.518653
40401.388661 4.524937
40422.924582 4.531284
40444.460503 4.537694
40465.996425 4.544168
40487.532346 4.550708
40509.068268 4.557314
40530.604189 4.563987
40552.140111 4.570728
40573.676032 4.577540
40595.211954 4.584422
40616.747875 4.591376
40638.283797 4.598403
40659.819718 4.605504
40681.355640 4.612682
40702.891561 4.619936
40724.427482 4.627268
40745.963404 4.634680
40767.499325 4.642172
40789.035247 4.649747
40810.571168 4.657406
40832.107090 4.665149
40853.643011 4.672979
40875.178933 4.680898
40896.714854 4.688905
40918.250776 4.697004
40939.786697 4.705196
40961.322619 4.713481
40982.858540 4.721863
41004.394461 4.730342
41025.930383 4.738921
41047.466304 4.747600
41069.002226 4.756383
41090.538147 4.765270
41112.074069 4.774263
41133.609990 4.783365
41155.145912 4.792577
41176.681833 4.801901
41198.217755 4.811339
41219.753676 4.820893
41241.289598 4.830565
41262.825519 4.840358
41284.361440 4.850273
41305.897362 4.860312
41327.433283 4.870478
41348.969205 4.880773
41370.505126 4.891199
41392.041048 4.901758
41413.576969 4.912453
41435.112891 4.923285
41456.648812 4.934259
41478.184734 4.945375
41499.720655 4.956636
41521.256577 4.968044
41542.792498 4.979603
41564.328419 4.991315
41585.864341 5.003181
41607.400262 5.015206
41628.936184 5.027390
41650.472105 5.039738
41672.008027 5.052251
41693.543948 5.064932
41715.079870 5.077783
41736.615791 5.090808
41758.151713 5.104009
41779.687634 5.117388
41801.223556 5.130949
41822.759477 5.144693
41844.295398 5.158624
41865.831320 5.172743
41887.367241 5.187054
41908.903163 5.201559
41930.439084 5.216260
41951.975006 5.231160
41973.510927 5.246261
41995.046849 5.261566
42016.582770 5.277076
42038.118692 5.292795
42059.654613 5.308722
42081.190535 5.324862
42102.726456 5.341216
42124.262377 5.357784
42145.798299 5.374570
42167.334220 5.391574
42188.870142 5.408797
42210.406063 5.426242
42231.941985 5.443907
42253.477906 5.461796
42275.013828 5.479907
42296.549749 5.498241
42318.085671 5.516799
42339.621592 5.535579
42361.157513 5.554582
42382.693435 5.573807
42404.229356 5.593253
42425.765278 5.612918
42447.301199 5.632801
42468.837121 5.652900
42490.373042 5.673212
42511.908964 5.693735
42533.444885 5.714465
42554.980807 5.735400
42576.516728 5.756535
42598.052650 5.777866
42619.588571 5.799388
42641.124492 5.821097
42662.660414 5.842986
42684.196335 5.865051
42705.732257 5.887284
42727.268178 5.909680
42748.804100 5.932230
42770.340021 5.954928
42791.875943 5.977765
42813.411864 6.000734
42834.947786 6.023826
42856.483707 6.047031
42878.019629 6.070341
42899.555550 6.093747
42921.091471 6.117237
42942.627393 6.140803
42964.163314 6.164433
42985.699236 6.188118
43007.235157 6.211846
43028.771079 6.235608
43050.307000 6.259391
43071.842922 6.283185
43093.378843 6.306980
43114.914765 6.330763
43136.450686 6.354524
43157.986608 6.378253
43179.522529 6.401938
43201.058450 6.425568
43222.594372 6.449134
43244.130293 6.472624
43265.666215 6.496029
43287.202136 6.519339
43308.738058 6.542545
43330.273979 6.565636
43351.809901 6.588605
43373.345822 6.611443
43394.881744 6.634141
43416.417665 6.656691
43437.953587 6.679086
43459.489508 6.701320
43481.025429 6.723384
43502.561351 6.745274
43524.097272 6.766983
43545.633194 6.788505
43567.169115 6.809836
43588.705037 6.830971
43610.240958 6.851905
43631.776880 6.872636
43653.312801 6.893158
43674.848723 6.913471
43696.384644 6.933569
43717.920566 6.953452
43739.456487 6.973117
43760.992408 6.992563
43782.528330 7.011788
43804.064251 7.030791
43825.600173 7.049572
43847.136094 7.068129
43868.672016 7.086464
43890.207937 7.104575
43911.743859 7.122463
43933.279780 7.140129
43954.815702 7.157573
43976.351623 7.174797
43997.887545 7.191801
44019.423466 7.208586
44040.959387 7.225155
44062.495309 7.241508
44084.031230 7.257648
44105.567152 7.273576
44127.103073 7.289294
44148.638995 7.304804
44170.174916 7.320109
44191.710838 7.335210
44213.246759 7.350110
44234.782681 7.364812
44256.318602 7.379317
44277.854524 7.393627
44299.390445 7.407747
44320.926366 7.421678
44342.462288 7.435422
44363.998209 7.448982
44385.534131 7.462362
44407.070052 7.475562
44428.605974 7.488587
44450.141895 7.501439
44471.677817 7.514120
44493.213738 7.526633
44514.749660 7.538980
44536.285581 7.551165
44557.821503 7.563189
44579.357424 7.575056
44600.893345 7.586767
44622.429267 7.598326
44643.965188 7.609735
44665.501110 7.620996
44687.037031 7.632112
44708.572953 7.643085
44730.108874 7.653918
44751.644796 7.664613
44773.180717 7.675172
44794.716639 7.685598
44816.252560 7.695893
44837.788481 7.706059
44859.324403 7.716098
44880.860324 7.726013
44902.396246 7.735805
44923.932167 7.745478
44945.468089 7.755032
44967.004010 7.764470
44988.539932 7.773794
45010.075853 7.783006
45031.611775 7.792108
45053.147696 7.801101
45074.683618 7.809988
45096.219539 7.818770
45117.755460 7.827450
45139.291382 7.836028
45160.827303 7.844508
45182.363225 7.852889
45203.899146 7.861175
45225.435068 7.869367
45246.970989 7.877465
45268.506911 7.885473
45290.042832 7.893391
45311.578754 7.901221
45333.114675 7.908965
45354.650597 7.916623
45376.186518 7.924198
45397.722439 7.931691
45419.258361 7.939103
45440.794282 7.946435
45462.330204 7.953689
45483.866125 7.960866
45505.402047 7.967968
45526.937968 7.974995
45548.473890 7.981949
45570.009811 7.988831
45591.545733 7.995642
45613.081654 8.002384
45634.617576 8.009057
45656.153497 8.015663
45677.689418 8.022202
45699.225340 8.028677
45720.761261 8.035087
45742.297183 8.041433
45763.833104 8.047718
45785.369026 8.053942
45806.904947 8.060105
45828.440869 8.066209
45849.976790 8.072254
45871.512712 8.078242
45893.048633 8.084174
45914.584555 8.090050
45936.120476 8.095871
45957.656397 8.101638
45979.192319 8.107352
46000.728240 8.113014
46022.264162 8.118624
46043.800083 8.124183
46065.336005 8.129692
46086.871926 8.135152
46108.407848 8.140563
46129.943769 8.145927
46151.479691 8.151243
46173.015612 8.156513
46194.551534 8.161738
46216.087455 8.166917
46237.623376 8.172052
46259.159298 8.177143
46280.695219 8.182190
46302.231141 8.187196
46323.767062 8.192159
46345.302984 8.197081
46366.838905 8.201962
46388.374827 8.206804
46409.910748 8.211605
46431.446670 8.216368
46452.982591 8.221092
46474.518513 8.225777
46496.054434 8.230426
46517.590355 8.235038
46539.126277 8.239613
46560.662198 8.244152
46582.198120 8.248656
46603.734041 8.253124
46625.269963 8.257559
46646.805884 8.261959
46668.341806 8.266326
46689.877727 8.270659
46711.413649 8.274960
46732.949570 8.279228
46754.485492 8.283465
46776.021413 8.287670
46797.557334 8.291844
46819.093256 8.295988
46840.629177 8.300101
46862.165099 8.304185
46883.701020 8.308239
46905.236942 8.312264
46926.772863 8.316260
46948.308785 8.320228
46969.844706 8.324168
46991.380628 8.328080
47012.916549 8.331965
47034.452470 8.335823
47055.988392 8.339654
47077.524313 8.343459
47099.060235 8.347238
47120.596156 8.350992
47142.132078 8.354720
47163.667999 8.358423
47185.203921 8.362101
47206.739842 8.365755
47228.275764 8.369384
47249.811685 8.372990
47271.347607 8.376572
47292.883528 8.380131
47314.419449 8.383667
47335.955371 8.387180
47357.491292 8.390670
47379.027214 8.394139
47400.563135 8.397585
47422.099057 8.401010
47443.634978 8.404413
47465.170900 8.407795
47486.706821 8.411155
47508.242743 8.414496
47529.778664 8.417815
47551.314586 8.421115
47572.850507 8.424394
47594.386428 8.427653
47615.922350 8.430893
47637.458271 8.434113
47658.994193 8.437315
47680.530114 8.440497
47702.066036 8.443660
47723.601957 8.446805
47745.137879 8.449932
47766.673800 8.453040
47788.209722 8.456131
47809.745643 8.459203
47831.281565 8.462258
47852.817486 8.465296
47874.353407 8.468316
47895.889329 8.471320
47917.425250 8.474306
47938.961172 8.477276
47960.497093 8.480230
47982.033015 8.483167
48003.568936 8.486088
48025.104858 8.488993
48046.640779 8.491882
48068.176701 8.494755
48089.712622 8.497613
48111.248544 8.500456
48132.784465 8.503283
48154.320386 8.506095
48175.856308 8.508893
48197.392229 8.511675
48218.928151 8.514444
48240.464072 8.517197
48261.999994 8.519937
48283.535915 8.522662
48305.071837 8.525373
48326.607758 8.528070
48348.143680 8.530754
48369.679601 8.533424
48391.215523 8.536080
48412.751444 8.538724
48434.287365 8.541354
48455.823287 8.543970
48477.359208 8.546574
48498.895130 8.549165
48520.431051 8.551743
48541.966973 8.554309
48563.502894 8.556862
48585.038816 8.559403
48606.574737 8.561932
48628.110659 8.564448
48649.646580 8.566953
48671.182502 8.569445
48692.718423 8.571926
48714.254344 8.574395
48735.790266 8.576852
48757.326187 8.579298
48778.862109 8.581733
48800.398030 8.584156
48821.933952 8.586568
48843.469873 8.588969
48865.005795 8.591360
48886.541716 8.593739
48908.077638 8.596107
48929.613559 8.598465
48951.149481 8.600812
48972.685402 8.603149
48994.221323 8.605475
49015.757245 8.607791
49037.293166 8.610097
49058.829088 8.612393
49080.365009 8.614679
49101.900931 8.616954
49123.436852 8.619220
49144.972774 8.621476
49166.508695 8.623723
49188.044617 8.625959
49209.580538 8.628187
49231.116460 8.630404
49252.652381 8.632613
49274.188302 8.634812
49295.724224 8.637002
49317.260145 8.639183
49338.796067 8.641355
49360.331988 8.643517
49381.867910 8.645671
49403.403831 8.647816
49424.939753 8.649953
49446.475674 8.652080
49468.011596 8.654199
49489.547517 8.656310
49511.083438 8.658412
49532.619360 8.660505
49554.155281 8.662591
49575.691203 8.664668
49597.227124 8.666736
49618.763046 8.668797
49640.298967 8.670850
49661.834889 8.672894
49683.370810 8.674931
49704.906732 8.676960
49726.442653 8.678981
49747.978575 8.680994
49769.514496 8.682999
49791.050417 8.684997
49812.586339 8.686988
49834.122260 8.688971
49855.658182 8.690946
49877.194103 8.692914
49898.730025 8.694875
49920.265946 8.696828
49941.801868 8.698774
49963.337789 8.700713
49984.873711 8.702645
50006.409632 8.704570
50027.945554 8.706488
50049.481475 8.708398
50071.017396 8.710302
50092.553318 8.712199
50114.089239 8.714090
50135.625161 8.715973
50157.161082 8.717850
50178.697004 8.719720
50200.232925 8.721584
50221.768847 8.723441
50243.304768 8.725292
50264.840690 8.727136
50286.376611 8.728974
50307.912533 8.730805
50329.448454 8.732630
50350.984375 8.734449
50372.520297 8.736262
50394.056218 8.738068
50415.592140 8.739869
50437.128061 8.741663
50458.663983 8.743451
50480.199904 8.745234
50501.735826 8.747010
50523.271747 8.748780
50544.807669 8.750545
50566.343590 8.752304
50587.879512 8.754057
50609.415433 8.755804
50630.951354 8.757545
50652.487276 8.759281
50674.023197 8.761011
50695.559119 8.762736
50717.095040 8.764455
50738.630962 8.766169
50760.166883 8.767877
50781.702805 8.769580
50803.238726 8.771277
50824.774648 8.772969
50846.310569 8.774656
50867.846491 8.776337
50889.382412 8.778013
50910.918333 8.779684
50932.454255 8.781350
50953.990176 8.783011
50975.526098 8.784667
50997.062019 8.786317
51018.597941 8.787963
51040.133862 8.789603
51061.669784 8.791239
51083.205705 8.792869
51104.741627 8.794495
51126.277548 8.796116
51147.813470 8.797732
51169.349391 8.799343
51190.885312 8.800950
51212.421234 8.802551
51233.957155 8.804148
51255.493077 8.805741
51277.028998 8.807329
51298.564920 8.808912
51320.100841 8.810490
51341.636763 8.812064
51363.172684 8.813634
51384.708606 8.815199
51406.244527 8.816759
51427.780449 8.818316
51449.316370 8.819867
51470.852291 8.821415
51492.388213 8.822958
51513.924134 8.824496
51535.460056 8.826031
51556.995977 8.827561
51578.531899 8.829087
51600.067820 8.830608
51621.603742 8.832126
51643.139663 8.833639
51664.675585 8.835148
51686.211506 8.836654
51707.747428 8.838155
51729.283349 8.839652
51750.819270 8.841145
51772.355192 8.842634
51793.891113 8.844119
51815.427035 8.845600
51836.962956 8.847077
51858.498878 8.848550
51880.034799 8.850019
51901.570721 8.851485
51923.106642 8.852946
51944.642564 8.854404
51966.178485 8.855858
51987.714406 8.857309
52009.250328 8.858755
52030.786249 8.860198
52052.322171 8.861637
52073.858092 8.863073
52095.394014 8.864505
52116.929935 8.865933
52138.465857 8.867357
52160.001778 8.868778
52181.537700 8.870196
52203.073621 8.871610
52224.609543 8.873020
52246.145464 8.874427
52267.681385 8.875831
52289.217307 8.877231
52310.753228 8.878627
52332.289150 8.880021
52353.825071 8.881410
52375.360993 8.882797
52396.896914 8.884180
52418.432836 8.885560
52439.968757 8.886936
52461.504679 8.888309
52483.040600 8.889679
52504.576522 8.891046
52526.112443 8.892409
52547.648364 8.893769
52569.184286 8.895126
52590.720207 8.896480
52612.256129 8.897830
52633.792050 8.899178
52655.327972 8.900522
52676.863893 8.901864
52698.399815 8.903202
52719.935736 8.904537
52741.471658 8.905869
52763.007579 8.907198
52784.543501 8.908524
52806.079422 8.909847
52827.615343 8.911167
52849.151265 8.912484
52870.687186 8.913798
52892.223108 8.915109
52913.759029 8.916417
52935.294951 8.917723
52956.830872 8.919025
52978.366794 8.920325
52999.902715 8.921621
53021.438637 8.922915
53042.974558 8.924206
53064.510480 8.925495
53086.046401 8.926780
53107.582322 8.928063
53129.118244 8.929343
53150.654165 8.930620
53172.190087 8.931895
53193.726008 8.933166
53215.261930 8.934436
53236.797851 8.935702
53258.333773 8.936966
53279.869694 8.938227
53301.405616 8.939485
53322.941537 8.940741
53344.477459 8.941994
53366.013380 8.943245
53387.549301 8.944493
53409.085223 8.945739
53430.621144 8.946981
53452.157066 8.948222
53473.692987 8.949460
53495.228909 8.950695
53516.764830 8.951928
53538.300752 8.953158
53559.836673 8.954386
53581.372595 8.955612
53602.908516 8.956835
53624.444438 8.958056
53645.980359 8.959274
53667.516280 8.960490
53689.052202 8.961703
53710.588123 8.962914
53732.124045 8.964123
53753.659966 8.965329
53775.195888 8.966533
53796.731809 8.967735
53818.267731 8.968934
53839.803652 8.970131
53861.339574 8.971326
53882.875495 8.972518
53904.411417 8.973708
53925.947338 8.974896
53947.483259 8.976082
53969.019181 8.977265
53990.555102 8.978447
54012.091024 8.979626
54033.626945 8.980803
54055.162867 8.981977
54076.698788 8.983150
54098.234710 8.984320
54119.770631 8.985488
54141.306553 8.986654
54162.842474 8.987818
54184.378396 8.988980
54205.914317 8.990140
54227.450238 8.991297
54248.986160 8.992453
54270.522081 8.993606
54292.058003 8.994758
54313.593924 8.995907
54335.129846 8.997054
54356.665767 8.998200
54378.201689 8.999343
54399.737610 9.000484
54421.273532 9.001623
54442.809453 9.002760
54464.345374 9.003896
54485.881296 9.005029
54507.417217 9.006160
54528.953139 9.007290
54550.489060 9.008417
54572.024982 9.009543
54593.560903 9.010666
54615.096825 9.011788
54636.632746 9.012908
54658.168668 9.014026
54679.704589 9.015142
54701.240511 9.016256
54722.776432 9.017368
54744.312353 9.018479
54765.848275 9.019587
54787.384196 9.020694
54808.920118 9.021799
54830.456039 9.022902
54851.991961 9.024004
54873.527882 9.025103
54895.063804 9.026201
54916.599725 9.027297
54938.135647 9.028391
54959.671568 9.029484
54981.207490 9.030574
55002.743411 9.031663
55024.279332 9.032751
55045.815254 9.033836
55067.351175 9.034920
55088.887097 9.036002
55110.423018 9.037082
55131.958940 9.038161
55153.494861 9.039238
55175.030783 9.040313
55196.566704 9.041387
55218.102626 9.042459
55239.638547 9.043529
55261.174469 9.044598
55282.710390 9.045665
55304.246311 9.046731
55325.782233 9.047795
55347.318154 9.048857
55368.854076 9.049917
55390.389997 9.050976
55411.925919 9.052034
55433.461840 9.053090
55454.997762 9.054144
55476.533683 9.055197
55498.069605 9.056248
55519.605526 9.057298
55541.141448 9.058346
55562.677369 9.059392
55584.213290 9.060437
55605.749212 9.061481
55627.285133 9.062523
55648.821055 9.063564
55670.356976 9.064603
55691.892898 9.065640
55713.428819 9.066676
55734.964741 9.067711
55756.500662 9.068744
55778.036584 9.069776
55799.572505 9.070806
55821.108427 9.071835
55842.644348 9.072862
55864.180269 9.073888
55885.716191 9.074912
55907.252112 9.075935
55928.788034 9.076957
55950.323955 9.077977
55971.859877 9.078996
55993.395798 9.080014
56014.931720 9.081030
56036.467641 9.082045
56058.003563 9.083058
56079.539484 9.084070
56101.075406 9.085081
56122.611327 9.086090
56144.147248 9.087098
56165.683170 9.088104
56187.219091 9.089110
56208.755013 9.090114
56230.290934 9.091116
56251.826856 9.092118
56273.362777 9.093118
56294.898699 9.094116
56316.434620 9.095114
56337.970542 9.096110
56359.506463 9.097105
56381.042385 9.098099
56402.578306 9.099091
56424.114227 9.100082
56445.650149 9.101072
56467.186070 9.102060
56488.721992 9.103048
56510.257913 9.104034
56531.793835 9.105019
56553.329756 9.106002
56574.865678 9.106985
56596.401599 9.107966
56617.937521 9.108946
56639.473442 9.109925
56661.009363 9.110903
56682.545285 9.111879
56704.081206 9.112854
56725.617128 9.113828
56747.153049 9.114801
56768.688971 9.115773
56790.224892 9.116743
56811.760814 9.117713
56833.296735 9.118681
56854.832657 9.119648
56876.368578 9.120614
56897.904500 9.121579
56919.440421 9.122543
56940.976342 9.123506
56962.512264 9.124467
56984.048185 9.125427
57005.584107 9.126387
57027.120028 9.127345
57048.655950 9.128302
57070.191871 9.129258
57091.727793 9.130213
57113.263714 9.131167
57134.799636 9.132119
57156.335557 9.133071
57177.871479 9.134022
57199.407400 9.134971
57220.943321 9.135920
57242.479243 9.136867
57264.015164 9.137814
57285.551086 9.138759
57307.087007 9.139703
57328.622929 9.140647
57350.158850 9.141589
57371.694772 9.142530
57393.230693 9.143470
57414.766615 9.144410
57436.302536 9.145348
57457.838458 9.146285
57479.374379 9.147222
57500.910300 9.148157
57522.446222 9.149091
57543.982143 9.150024
57565.518065 9.150957
57587.053986 9.151888
57608.589908 9.152818
57630.125829 9.153748
57651.661751 9.154676
57673.197672 9.155604
57694.733594 9.156530
57716.269515 9.157456
57737.805437 9.158381
57759.341358 9.159305
57780.877279 9.160227
57802.413201 9.161149
57823.949122 9.162070
57845.485044 9.162990
57867.020965 9.163910
57888.556887 9.164828
57910.092808 9.165745
57931.628730 9.166662
57953.164651 9.167577
57974.700573 9.168492
57996.236494 9.169406
58017.772416 9.170319
58039.308337 9.171231
58060.844258 9.172142
58082.380180 9.173052
58103.916101 9.173962
58125.452023 9.174870
58146.987944 9.175778
58168.523866 9.176685
58190.059787 9.177591
58211.595709 9.178496
58233.131630 9.179401
58254.667552 9.180304
58276.203473 9.181207
58297.739395 9.182109
58319.275316 9.183010
58340.811237 9.183910
58362.347159 9.184810
58383.883080 9.185708
58405.419002 9.186606
58426.954923 9.187503
58448.490845 9.188399
58470.026766 9.189295
58491.562688 9.190189
58513.098609 9.191083
58534.634531 9.191976
58556.170452 9.192869
58577.706374 9.193760
58599.242295 9.194651
58620.778216 9.195541
58642.314138 9.196430
58663.850059 9.197319
58685.385981 9.198206
58706.921902 9.199093
58728.457824 9.199980
58749.993745 9.200865
58771.529667 9.201750
58793.065588 9.202634
58814.601510 9.203517
58836.137431 9.204400
58857.673353 9.205282
58879.209274 9.206163
58900.745195 9.207043
58922.281117 9.207923
58943.817038 9.208802
58965.352960 9.209680
58986.888881 9.210558
59008.424803 9.211435
59029.960724 9.212311
59051.496646 9.213187
59073.032567 9.214061
59094.568489 9.214936
59116.104410 9.215809
59137.640331 9.216682
59159.176253 9.217554
59180.712174 9.218425
59202.248096 9.219296
59223.784017 9.220166
59245.319939 9.221036
59266.855860 9.221905
59288.391782 9.222773
59309.927703 9.223640
59331.463625 9.224507
59352.999546 9.225374
59374.535468 9.226239
59396.071389 9.227104
59417.607310 9.227969
59439.143232 9.228832
59460.679153 9.229695
59482.215075 9.230558
59503.750996 9.231420
59525.286918 9.232281
59546.822839 9.233142
59568.358761 9.234002
59589.894682 9.234861
59611.430604 9.235720
59632.966525 9.236578
59654.502447 9.237436
59676.038368 9.238293
59697.574289 9.239149
59719.110211 9.240005
59740.646132 9.240860
59762.182054 9.241715
59783.717975 9.242569
59805.253897 9.243423
59826.789818 9.244276
59848.325740 9.245128
59869.861661 9.245980
59891.397583 9.246832
59912.933504 9.247682
59934.469426 9.248533
59956.005347 9.249382
59977.541268 9.250232
59999.077190 9.251080
60020.613111 9.251928
60042.149033 9.252776
60063.684954 9.253623
60085.220876 9.254469
60106.756797 9.255315
60128.292719 9.256161
60149.828640 9.257005
60171.364562 9.257850
60192.900483 9.258694
60214.436405 9.259537
60235.972326 9.260380
60257.508247 9.261222
60279.044169 9.262064
60300.580090 9.262905
60322.116012 9.263746
60343.651933 9.264587
60365.187855 9.265426
60386.723776 9.266266
60408.259698 9.267105
60429.795619 9.267943
60451.331541 9.268781
60472.867462 9.269619
60494.403384 9.270456
60515.939305 9.271292
60537.475226 9.272128
60559.011148 9.272964
60580.547069 9.273799
60602.082991 9.274634
60623.618912 9.275468
60645.154834 9.276302
60666.690755 9.277135
60688.226677 9.277968
60709.762598 9.278800
60731.298520 9.279632
60752.834441 9.280464
60774.370363 9.281295
60795.906284 9.282125
60817.442205 9.282956
60838.978127 9.283786
60860.514048 9.284615
60882.049970 9.285444
60903.585891 9.286273
60925.121813 9.287101
60946.657734 9.287928
60968.193656 9.288756
60989.729577 9.289583
61011.265499 9.290409
61032.801420 9.291235
61054.337342 9.292061
61075.873263 9.292886
61097.409184 9.293711
61118.945106 9.294536
61140.481027 9.295360
61162.016949 9.296184
61183.552870 9.297007
61205.088792 9.297830
61226.624713 9.298653
61248.160635 9.299475
61269.696556 9.300297
61291.232478 9.301118
61312.768399 9.301940
61334.304321 9.302760
61355.840242 9.303581
61377.376163 9.304401
61398.912085 9.305221
61420.448006 9.306040
61441.983928 9.306859
61463.519849 9.307678
61485.055771 9.308496
61506.591692 9.309314
61528.127614 9.310132
61549.663535 9.310949
61571.199457 9.311766
61592.735378 9.312582
61614.271299 9.313399
61635.807221 9.314215
61657.343142 9.315030
61678.879064 9.315846
61700.414985 9.316661
61721.950907 9.317475
61743.486828 9.318290
61765.022750 9.319104
61786.558671 9.319918
61808.094593 9.320731
61829.630514 9.321544
61851.166436 9.322357
61872.702357 9.323170
61894.238278 9.323982
61915.774200 9.324794
61937.310121 9.325605
61958.846043 9.326417
61980.381964 9.327228
62001.917886 9.328039
62023.453807 9.328849
62044.989729 9.329660
62066.525650 9.330470
62088.061572 9.331279
62109.597493 9.332089
62131.133415 9.332898
62152.669336 9.333707
62174.205257 9.334515
62195.741179 9.335324
62217.277100 9.336132
62238.813022 9.336940
62260.348943 9.337747
62281.884865 9.338555
62303.420786 9.339362
62324.956708 9.340169
62346.492629 9.340975
62368.028551 9.341782
62389.564472 9.342588
62411.100394 9.343394
62432.636315 9.344199
62454.172236 9.345005
62475.708158 9.345810
62497.244079 9.346615
62518.780001 9.347420
62540.315922 9.348224
62561.851844 9.349028
62583.387765 9.349832
62604.923687 9.350636
62626.459608 9.351440
62647.995530 9.352243
62669.531451 9.353047
62691.067373 9.353850
62712.603294 9.354653
62734.139215 9.355455
62755.675137 9.356258
62777.211058 9.357060
62798.746980 9.357862
62820.282901 9.358664
62841.818823 9.359465
62863.354744 9.360267
62884.890666 9.361068
62906.426587 9.361869
62927.962509 9.362670
62949.498430 9.363471
62971.034352 9.364272
62992.570273 9.365072
63014.106194 9.365872
63035.642116 9.366672
63057.178037 9.367472
63078.713959 9.368272
63100.249880 9.369071
63121.785802 9.369871
63143.321723 9.370670
63164.857645 9.371469
63186.393566 9.372268
63207.929488 9.373067
63229.465409 9.373866
63251.001331 9.374664
63272.537252 9.375462
63294.073173 9.376261
63315.609095 9.377059
63337.145016 9.377857
63358.680938 9.378655
63380.216859 9.379452
63401.752781 9.380250
63423.288702 9.381047
63444.824624 9.381845
63466.360545 9.382642
63487.896467 9.383439
63509.432388 9.384236
63530.968310 9.385033
63552.504231 9.385829
63574.040152 9.386626
63595.576074 9.387422
63617.111995 9.388219
63638.647917 9.389015
63660.183838 9.389811
63681.719760 9.390607
63703.255681 9.391403
63724.791603 9.392199
63746.327524 9.392995
63767.863446 9.393791
63789.399367 9.394587
63810.935289 9.395382
63832.471210 9.396178
63854.007131 9.396973
63875.543053 9.397768
63897.078974 9.398563
63918.614896 9.399359
63940.150817 9.400154
63961.686739 9.400949
63983.222660 9.401744
64004.758582 9.402539
64026.294503 9.403333
64047.830425 9.404128
64069.366346 9.404923
64090.902267 9.405717
64112.438189 9.406512
64133.974110 9.407307
64155.510032 9.408101
64177.045953 9.408896
64198.581875 9.409690
64220.117796 9.410484
64241.653718 9.411279
64263.189639 9.412073
64284.725561 9.412867
64306.261482 9.413661
64327.797404 9.414456
64349.333325 9.415250
64370.869246 9.416044
64392.405168 9.416838
64413.941089 9.417632
64435.477011 9.418426
64457.012932 9.419220
64478.548854 9.420014
64500.084775 9.420808
64521.620697 9.421602
64543.156618 9.422396
64564.692540 9.423190
64586.228461 9.423984
64607.764383 9.424778
64629.300304 9.425572
64650.836225 9.426366
64672.372147 9.427160
64693.908068 9.427954
64715.443990 9.428748
64736.979911 9.429542
64758.515833 9.430336
64780.051754 9.431130
64801.587676 9.431924
64823.123597 9.432718
64844.659519 9.433512
64866.195440 9.434306
64887.731362 9.435100
64909.267283 9.435895
64930.803204 9.436689
64952.339126 9.437483
64973.875047 9.438277
64995.410969 9.439072
65016.946890 9.439866
65038.482812 9.440660
65060.018733 9.441455
65081.554655 9.442249
65103.090576 9.443044
65124.626498 9.443838
65146.162419 9.444633
65167.698341 9.445428
65189.234262 9.446223
65210.770183 9.447017
65232.306105 9.447812
65253.842026 9.448607
65275.377948 9.449402
65296.913869 9.450197
65318.449791 9.450992
65339.985712 9.451788
65361.521634 9.452583
65383.057555 9.453378
65404.593477 9.454174
65426.129398 9.454969
65447.665320 9.455765
65469.201241 9.456561
65490.737162 9.457357
65512.273084 9.458152
65533.809005 9.458948
65555.344927 9.459745
65576.880848 9.460541
65598.416770 9.461337
65619.952691 9.462133
65641.488613 9.462930
65663.024534 9.463727
65684.560456 9.464523
65706.096377 9.465320
65727.632299 9.466117
65749.168220 9.466914
65770.704141 9.467711
65792.240063 9.468509
65813.775984 9.469306
65835.311906 9.470104
65856.847827 9.470901
65878.383749 9.471699
65899.919670 9.472497
65921.455592 9.473295
65942.991513 9.474093
65964.527435 9.474892
65986.063356 9.475690
66007.599278 9.476489
66029.135199 9.477288
66050.671120 9.478087
66072.207042 9.478886
66093.742963 9.479685
66115.278885 9.480485
66136.814806 9.481284
66158.350728 9.482084
66179.886649 9.482884
66201.422571 9.483684
66222.958492 9.484484
66244.494414 9.485284
66266.030335 9.486085
66287.566256 9.486886
66309.102178 9.487687
66330.638099 9.488488
66352.174021 9.489289
66373.709942 9.490091
66395.245864 9.490892
66416.781785 9.491694
66438.317707 9.492496
66459.853628 9.493298
66481.389550 9.494101
66502.925471 9.494903
66524.461393 9.495706
66545.997314 9.496509
66567.533235 9.497312
66589.069157 9.498116
66610.605078 9.498920
66632.141000 9.499723
66653.676921 9.500528
66675.212843 9.501332
66696.748764 9.502136
66718.284686 9.502941
66739.820607 9.503746
66761.356529 9.504551
66782.892450 9.505357
66804.428372 9.506162
66825.964293 9.506968
66847.500214 9.507774
66869.036136 9.508581
66890.572057 9.509387
66912.107979 9.510194
66933.643900 9.511001
66955.179822 9.511809
66976.715743 9.512616
66998.251665 9.513424
67019.787586 9.514232
67041.323508 9.515041
67062.859429 9.515849
67084.395351 9.516658
67105.931272 9.517467
67127.467193 9.518277
67149.003115 9.519086
67170.539036 9.519896
67192.074958 9.520707
67213.610879 9.521517
67235.146801 9.522328
67256.682722 9.523139
67278.218644 9.523950
67299.754565 9.524762
67321.290487 9.525574
67342.826408 9.526386
67364.362330 9.527199
67385.898251 9.528012
67407.434172 9.528825
67428.970094 9.529638
67450.506015 9.530452
67472.041937 9.531266
67493.577858 9.532081
67515.113780 9.532895
67536.649701 9.533710
67558.185623 9.534526
67579.721544 9.535341
67601.257466 9.536157
67622.793387 9.536974
67644.329309 9.537790
67665.865230 9.538607
67687.401151 9.539424
67708.937073 9.540242
67730.472994 9.541060
67752.008916 9.541878
67773.544837 9.542697
67795.080759 9.543516
67816.616680 9.544335
67838.152602 9.545155
67859.688523 9.545975
67881.224445 9.546796
67902.760366 9.547616
67924.296288 9.548437
67945.832209 9.549259
67967.368130 9.550081
67988.904052 9.550903
68010.439973 9.551726
68031.975895 9.552549
68053.511816 9.553372
68075.047738 9.554196
68096.583659 9.555020
68118.119581 9.555845
68139.655502 9.556670
68161.191424 9.557495
68182.727345 9.558321
68204.263267 9.559147
68225.799188 9.559973
68247.335109 9.560800
68268.871031 9.561628
68290.406952 9.562455
68311.942874 9.563283
68333.478795 9.564112
68355.014717 9.564941
68376.550638 9.565770
68398.086560 9.566600
68419.622481 9.567430
68441.158403 9.568261
68462.694324 9.569092
68484.230246 9.569924
68505.766167 9.570756
68527.302088 9.571588
68548.838010 9.572421
68570.373931 9.573254
68591.909853 9.574088
68613.445774 9.574922
68634.981696 9.575757
68656.517617 9.576592
68678.053539 9.577428
68699.589460 9.578264
68721.125382 9.579100
68742.661303 9.579937
68764.197224 9.580775
68785.733146 9.581613
68807.269067 9.582451
68828.804989 9.583290
68850.340910 9.584129
68871.876832 9.584969
68893.412753 9.585810
68914.948675 9.586650
68936.484596 9.587492
68958.020518 9.588334
68979.556439 9.589176
69001.092361 9.590019
69022.628282 9.590862
69044.164203 9.591706
69065.700125 9.592550
69087.236046 9.593395
69108.771968 9.594241
69130.307889 9.595087
69151.843811 9.595933
69173.379732 9.596780
69194.915654 9.597628
69216.451575 9.598476
69237.987497 9.599324
69259.523418 9.600174
69281.059340 9.601023
69302.595261 9.601873
69324.131182 9.602724
69345.667104 9.603576
69367.203025 9.604427
69388.738947 9.605280
69410.274868 9.606133
69431.810790 9.606987
69453.346711 9.607841
69474.882633 9.608695
69496.418554 9.609551
69517.954476 9.610407
69539.490397 9.611263
69561.026319 9.612120
69582.562240 9.612978
69604.098161 9.613836
69625.634083 9.614695
69647.170004 9.615554
69668.705926 9.616414
69690.241847 9.617275
69711.777769 9.618136
69733.313690 9.618998
69754.849612 9.619861
69776.385533 9.620724
69797.921455 9.621587
69819.457376 9.622452
69840.993298 9.623317
69862.529219 9.624182
69884.065140 9.625049
69905.601062 9.625915
69927.136983 9.626783
69948.672905 9.627651
69970.208826 9.628520
69991.744748 9.629390
70013.280669 9.630260
70034.816591 9.631130
70056.352512 9.632002
70077.888434 9.632874
70099.424355 9.633747
70120.960277 9.634620
70142.496198 9.635494
70164.032119 9.636369
70185.568041 9.637245
70207.103962 9.638121
70228.639884 9.638998
70250.175805 9.639876
70271.711727 9.640754
70293.247648 9.641633
70314.783570 9.642513
70336.319491 9.643393
70357.855413 9.644274
70379.391334 9.645156
70400.927256 9.646039
70422.463177 9.646922
70443.999098 9.647806
70465.535020 9.648691
70487.070941 9.649576
70508.606863 9.650462
70530.142784 9.651349
70551.678706 9.652237
70573.214627 9.653126
70594.750549 9.654015
70616.286470 9.654905
70637.822392 9.655796
70659.358313 9.656687
70680.894235 9.657580
70702.430156 9.658473
70723.966077 9.659367
70745.501999 9.660261
70767.037920 9.661157
70788.573842 9.662053
70810.109763 9.662950
70831.645685 9.663848
70853.181606 9.664746
70874.717528 9.665646
70896.253449 9.666546
70917.789371 9.667447
70939.325292 9.668349
70960.861214 9.669252
70982.397135 9.670155
71003.933056 9.671060
71025.468978 9.671965
71047.004899 9.672871
71068.540821 9.673778
71090.076742 9.674686
71111.612664 9.675594
71133.148585 9.676504
71154.684507 9.677414
71176.220428 9.678325
71197.756350 9.679237
71219.292271 9.680150
71240.828192 9.681064
71262.364114 9.681979
71283.900035 9.682894
71305.435957 9.683811
71326.971878 9.684728
71348.507800 9.685646
71370.043721 9.686565
71391.579643 9.687486
71413.115564 9.688407
71434.651486 9.689328
71456.187407 9.690251
71477.723329 9.691175
71499.259250 9.692100
71520.795171 9.693025
71542.331093 9.693952
71563.867014 9.694880
71585.402936 9.695808
71606.938857 9.696737
71628.474779 9.697668
71650.010700 9.698599
71671.546622 9.699532
71693.082543 9.700465
71714.618465 9.701399
71736.154386 9.702334
71757.690308 9.703271
71779.226229 9.704208
71800.762150 9.705146
71822.298072 9.706085
71843.833993 9.707026
71865.369915 9.707967
71886.905836 9.708909
71908.441758 9.709853
71929.977679 9.710797
71951.513601 9.711742
71973.049522 9.712689
71994.585444 9.713636
72016.121365 9.714585
72037.657287 9.715534
72059.193208 9.716485
72080.729129 9.717437
72102.265051 9.718389
72123.800972 9.719343
72145.336894 9.720298
72166.872815 9.721254
72188.408737 9.722211
72209.944658 9.723169
72231.480580 9.724129
72253.016501 9.725089
72274.552423 9.726050
72296.088344 9.727013
72317.624266 9.727977
72339.160187 9.728942
72360.696108 9.729908
72382.232030 9.730875
72403.767951 9.731843
72425.303873 9.732812
72446.839794 9.733783
72468.375716 9.734755
72489.911637 9.735728
72511.447559 9.736702
72532.983480 9.737677
72554.519402 9.738653
72576.055323 9.739631
72597.591245 9.740610
72619.127166 9.741590
72640.663087 9.742571
72662.199009 9.743554
72683.734930 9.744537
72705.270852 9.745522
72726.806773 9.746508
72748.342695 9.747495
72769.878616 9.748484
72791.414538 9.749474
72812.950459 9.750465
72834.486381 9.751457
72856.022302 9.752451
72877.558224 9.753446
72899.094145 9.754442
72920.630066 9.755439
72942.165988 9.756438
72963.701909 9.757438
72985.237831 9.758440
73006.773752 9.759442
73028.309674 9.760446
73049.845595 9.761451
73071.381517 9.762458
73092.917438 9.763466
73114.453360 9.764475
73135.989281 9.765486
73157.525203 9.766498
73179.061124 9.767511
73200.597045 9.768526
73222.132967 9.769542
73243.668888 9.770560
73265.204810 9.771579
73286.740731 9.772599
73308.276653 9.773620
73329.812574 9.774644
73351.348496 9.775668
73372.884417 9.776694
73394.420339 9.777721
73415.956260 9.778750
73437.492182 9.779780
73459.028103 9.780812
73480.564024 9.781845
73502.099946 9.782880
73523.635867 9.783916
73545.171789 9.784953
73566.707710 9.785992
73588.243632 9.787033
73609.779553 9.788075
73631.315475 9.789118
73652.851396 9.790164
73674.387318 9.791210
73695.923239 9.792258
73717.459160 9.793308
73738.995082 9.794359
73760.531003 9.795412
73782.066925 9.796466
73803.602846 9.797522
73825.138768 9.798579
73846.674689 9.799639
73868.210611 9.800699
73889.746532 9.801761
73911.282454 9.802825
73932.818375 9.803891
73954.354297 9.804958
73975.890218 9.806027
73997.426139 9.807097
74018.962061 9.808169
74040.497982 9.809243
74062.033904 9.810318
74083.569825 9.811395
74105.105747 9.812474
74126.641668 9.813554
74148.177590 9.814636
74169.713511 9.815720
74191.249433 9.816805
74212.785354 9.817893
74234.321276 9.818982
74255.857197 9.820072
74277.393118 9.821165
74298.929040 9.822259
74320.464961 9.823355
74342.000883 9.824453
74363.536804 9.825552
74385.072726 9.826654
74406.608647 9.827757
74428.144569 9.828862
74449.680490 9.829968
74471.216412 9.831077
74492.752333 9.832188
74514.288255 9.833300
74535.824176 9.834414
74557.360097 9.835530
74578.896019 9.836648
74600.431940 9.837768
74621.967862 9.838889
74643.503783 9.840013
74665.039705 9.841139
74686.575626 9.842266
74708.111548 9.843395
74729.647469 9.844527
74751.183391 9.845660
74772.719312 9.846795
74794.255234 9.847933
74815.791155 9.849072
74837.327076 9.850213
74858.862998 9.851356
74880.398919 9.852502
74901.934841 9.853649
74923.470762 9.854798
74945.006684 9.855950
74966.542605 9.857103
74988.078527 9.858259
75009.614448 9.859416
75031.150370 9.860576
75052.686291 9.861738
75074.222213 9.862902
75095.758134 9.864068
75117.294055 9.865236
75138.829977 9.866406
75160.365898 9.867579
75181.901820 9.868753
75203.437741 9.869930
75224.973663 9.871109
75246.509584 9.872291
75268.045506 9.873474
75289.581427 9.874660
75311.117349 9.875848
75332.653270 9.877038
75354.189192 9.878230
75375.725113 9.879425
75397.261034 9.880622
75418.796956 9.881821
75440.332877 9.883023
75461.868799 9.884227
75483.404720 9.885433
75504.940642 9.886642
75526.476563 9.887853
75548.012485 9.889066
75569.548406 9.890282
75591.084328 9.891500
75612.620249 9.892721
75634.156171 9.893944
75655.692092 9.895170
75677.228013 9.896397
75698.763935 9.897628
75720.299856 9.898861
75741.835778 9.900096
75763.371699 9.901334
75784.907621 9.902574
75806.443542 9.903817
75827.979464 9.905063
75849.515385 9.906311
75871.051307 9.907562
75892.587228 9.908815
75914.123150 9.910071
75935.659071 9.911329
75957.194992 9.912590
75978.730914 9.913854
76000.266835 9.915120
76021.802757 9.916390
76043.338678 9.917661
76064.874600 9.918936
76086.410521 9.920213
76107.946443 9.921493
76129.482364 9.922776
76151.018286 9.924061
76172.554207 9.925350
76194.090128 9.926641
76215.626050 9.927935
76237.161971 9.929231
76258.697893 9.930531
76280.233814 9.931833
76301.769736 9.933139
76323.305657 9.934447
76344.841579 9.935758
76366.377500 9.937072
76387.913422 9.938389
76409.449343 9.939709
76430.985265 9.941032
76452.521186 9.942358
76474.057107 9.943687
76495.593029 9.945019
76517.128950 9.946354
76538.664872 9.947692
76560.200793 9.949034
76581.736715 9.950378
76603.272636 9.951725
76624.808558 9.953076
76646.344479 9.954430
76667.880401 9.955787
76689.416322 9.957147
76710.952244 9.958510
76732.488165 9.959877
76754.024086 9.961247
76775.560008 9.962620
76797.095929 9.963996
76818.631851 9.965376
76840.167772 9.966759
76861.703694 9.968146
76883.239615 9.969535
76904.775537 9.970929
76926.311458 9.972325
76947.847380 9.973725
76969.383301 9.975129
76990.919223 9.976536
77012.455144 9.977946
77033.991065 9.979360
77055.526987 9.980777
77077.062908 9.982198
77098.598830 9.983623
77120.134751 9.985051
77141.670673 9.986483
77163.206594 9.987919
77184.742516 9.989358
77206.278437 9.990801
77227.814359 9.992247
77249.350280 9.993698
77270.886202 9.995152
77292.422123 9.996610
77313.958044 9.998071
77335.493966 9.999537
77357.029887 10.001006
77378.565809 10.002479
77400.101730 10.003956
77421.637652 10.005437
77443.173573 10.006922
77464.709495 10.008411
77486.245416 10.009904
77507.781338 10.011401
77529.317259 10.012902
77550.853181 10.014407
77572.389102 10.015917
77593.925023 10.017430
77615.460945 10.018948
77636.996866 10.020469
77658.532788 10.021995
77680.068709 10.023525
77701.604631 10.025060
77723.140552 10.026598
77744.676474 10.028141
77766.212395 10.029689
77787.748317 10.031240
77809.284238 10.032797
77830.820160 10.034357
77852.356081 10.035922
77873.892002 10.037492
77895.427924 10.039066
77916.963845 10.040644
77938.499767 10.042227
77960.035688 10.043815
77981.571610 10.045407
78003.107531 10.047004
78024.643453 10.048606
78046.179374 10.050213
78067.715296 10.051824
78089.251217 10.053440
78110.787139 10.055061
78132.323060 10.056687
78153.858981 10.058317
78175.394903 10.059953
78196.930824 10.061593
78218.466746 10.063239
78240.002667 10.064889
78261.538589 10.066545
78283.074510 10.068206
78304.610432 10.069872
78326.146353 10.071542
78347.682275 10.073219
78369.218196 10.074900
78390.754117 10.076587
78412.290039 10.078279
78433.825960 10.079976
78455.361882 10.081679
78476.897803 10.083387
78498.433725 10.085101
78519.969646 10.086820
78541.505568 10.088545
78563.041489 10.090275
78584.577411 10.092011
78606.113332 10.093752
78627.649254 10.095499
78649.185175 10.097252
78670.721096 10.099011
78692.257018 10.100776
78713.792939 10.102546
78735.328861 10.104322
78756.864782 10.106105
78778.400704 10.107893
78799.936625 10.109687
78821.472547 10.111488
78843.008468 10.113294
78864.544390 10.115107
78886.080311 10.116926
78907.616233 10.118751
78929.152154 10.120582
78950.688075 10.122420
78972.223997 10.124264
78993.759918 10.126115
79015.295840 10.127972
79036.831761 10.129835
79058.367683 10.131706
79079.903604 10.133583
79101.439526 10.135466
79122.975447 10.137356
79144.511369 10.139254
79166.047290 10.141158
79187.583212 10.143068
79209.119133 10.144986
79230.655054 10.146911
79252.190976 10.148843
79273.726897 10.150782
79295.262819 10.152728
79316.798740 10.154681
79338.334662 10.156642
79359.870583 10.158610
79381.406505 10.160585
79402.942426 10.162568
79424.478348 10.164559
79446.014269 10.166556
79467.550191 10.168562
79489.086112 10.170575
79510.622033 10.172596
79532.157955 10.174625
79553.693876 10.176662
79575.229798 10.178706
79596.765719 10.180759
79618.301641 10.182820
79639.837562 10.184888
79661.373484 10.186965
79682.909405 10.189051
79704.445327 10.191144
79725.981248 10.193246
79747.517170 10.195357
79769.053091 10.197476
79790.589012 10.199603
79812.124934 10.201740
79833.660855 10.203885
79855.196777 10.206039
79876.732698 10.208201
79898.268620 10.210373
79919.804541 10.212554
79941.340463 10.214744
79962.876384 10.216943
79984.412306 10.219151
80005.948227 10.221369
80027.484149 10.223597
80049.020070 10.225833
80070.555991 10.228080
80092.091913 10.230336
80113.627834 10.232602
80135.163756 10.234877
80156.699677 10.237163
80178.235599 10.239459
80199.771520 10.241765
80221.307442 10.244081
80242.843363 10.246407
80264.379285 10.248744
80285.915206 10.251091
80307.451128 10.253449
80328.987049 10.255817
80350.522970 10.258196
80372.058892 10.260587
80393.594813 10.262988
80415.130735 10.265400
80436.666656 10.267823
80458.202578 10.270258
80479.738499 10.272704
80501.274421 10.275161
80522.810342 10.277630
80544.346264 10.280111
80565.882185 10.282603
80587.418107 10.285108
80608.954028 10.287624
80630.489949 10.290153
80652.025871 10.292694
80673.561792 10.295247
80695.097714 10.297812
80716.633635 10.300391
80738.169557 10.302982
80759.705478 10.305586
80781.241400 10.308202
80802.777321 10.310832
80824.313243 10.313475
80845.849164 10.316132
80867.385085 10.318802
80888.921007 10.321485
80910.456928 10.324183
80931.992850 10.326894
80953.528771 10.329619
80975.064693 10.332359
80996.600614 10.335112
81018.136536 10.337880
81039.672457 10.340663
81061.208379 10.343461
81082.744300 10.346273
81104.280222 10.349100
81125.816143 10.351943
81147.352064 10.354801
81168.887986 10.357674
81190.423907 10.360563
81211.959829 10.363468
81233.495750 10.366389
81255.031672 10.369326
81276.567593 10.372280
81298.103515 10.375250
81319.639436 10.378236
81341.175358 10.381240
81362.711279 10.384260
81384.247201 10.387298
81405.783122 10.390353
81427.319043 10.393425
81448.854965 10.396516
81470.390886 10.399624
81491.926808 10.402751
81513.462729 10.405896
81534.998651 10.409059
81556.534572 10.412241
81578.070494 10.415443
81599.606415 10.418663
81621.142337 10.421903
81642.678258 10.425162
81664.214180 10.428441
81685.750101 10.431741
81707.286022 10.435060
81728.821944 10.438400
81750.357865 10.441761
81771.893787 10.445143
81793.429708 10.448546
81814.965630 10.451971
81836.501551 10.455417
81858.037473 10.458886
81879.573394 10.462376
81901.109316 10.465889
81922.645237 10.469425
81944.181159 10.472984
81965.717080 10.476566
81987.253001 10.480172
82008.788923 10.483801
82030.324844 10.487455
82051.860766 10.491133
82073.396687 10.494836
82094.932609 10.498564
82116.468530 10.502318
82138.004452 10.506097
82159.540373 10.509902
82181.076295 10.513733
82202.612216 10.517591
82224.148138 10.521476
82245.684059 10.525388
82267.219980 10.529328
82288.755902 10.533296
82310.291823 10.537292
82331.827745 10.541317
82353.363666 10.545371
82374.899588 10.549455
82396.435509 10.553568
82417.971431 10.557711
82439.507352 10.561886
82461.043274 10.566091
82482.579195 10.570328
82504.115117 10.574596
82525.651038 10.578897
82547.186959 10.583230
82568.722881 10.587597
82590.258802 10.591997
82611.794724 10.596432
82633.330645 10.600900
82654.866567 10.605404
82676.402488 10.609943
82697.938410 10.614518
82719.474331 10.619130
82741.010253 10.623778
82762.546174 10.628464
82784.082096 10.633188
82805.618017 10.637951
82827.153938 10.642752
82848.689860 10.647593
82870.225781 10.652475
82891.761703 10.657397
82913.297624 10.662360
82934.833546 10.667365
82956.369467 10.672413
82977.905389 10.677504
82999.441310 10.682639
83020.977232 10.687818
83042.513153 10.693042
83064.049075 10.698312
83085.584996 10.703629
83107.120917 10.708992
83128.656839 10.714404
83150.192760 10.719864
83171.728682 10.725373
83193.264603 10.730932
83214.800525 10.736542
83236.336446 10.742204
83257.872368 10.747918
83279.408289 10.753685
83300.944211 10.759506
83322.480132 10.765382
83344.016053 10.771313
83365.551975 10.777302
83387.087896 10.783347
83408.623818 10.789451
83430.159739 10.795614
83451.695661 10.801838
83473.231582 10.808123
83494.767504 10.814469
83516.303425 10.820879
83537.839347 10.827354
83559.375268 10.833893
83580.911190 10.840499
83602.447111 10.847172
83623.983032 10.853914
83645.518954 10.860725
83667.054875 10.867607
83688.590797 10.874561
83710.126718 10.881588
83731.662640 10.888690
83753.198561 10.895867
83774.734483 10.903121
83796.270404 10.910453
83817.806326 10.917865
83839.342247 10.925358
83860.878169 10.932932
83882.414090 10.940591
83903.950011 10.948335
83925.485933 10.956165
83947.021854 10.964083
83968.557776 10.972091
83990.093697 10.980189
84011.629619 10.988381
84033.165540 10.996667
84054.701462 11.005048
84076.237383 11.013527
84097.773305 11.022106
84119.309226 11.030786
84140.845148 11.039568
84162.381069 11.048455
84183.916990 11.057448
84205.452912 11.066550
84226.988833 11.075762
84248.524755 11.085086
84270.060676 11.094524
84291.596598 11.104078
84313.132519 11.113751
84334.668441 11.123543
84356.204362 11.133458
84377.740284 11.143497
84399.276205 11.153663
84420.812127 11.163958
84442.348048 11.174384
84463.883969 11.184943
84485.419891 11.195638
84506.955812 11.206471
84528.491734 11.217444
84550.027655 11.228560
84571.563577 11.239821
84593.099498 11.251230
84614.635420 11.262789
84636.171341 11.274500
84657.707263 11.286367
84679.243184 11.298391
84700.779106 11.310576
84722.315027 11.322923
84743.850948 11.335436
84765.386870 11.348117
84786.922791 11.360969
84808.458713 11.373993
84829.994634 11.387194
84851.530556 11.400574
84873.066477 11.414134
84894.602399 11.427878
84916.138320 11.441809
84937.674242 11.455928
84959.210163 11.470239
84980.746085 11.484744
85002.282006 11.499446
85023.817927 11.514346
85045.353849 11.529447
85066.889770 11.544751
85088.425692 11.560262
85109.961613 11.575980
85131.497535 11.591908
85153.033456 11.608047
85174.569378 11.624401
85196.105299 11.640970
85217.641221 11.657755
85239.177142 11.674759
85260.713064 11.691983
85282.248985 11.709427
85303.784906 11.727093
85325.320828 11.744981
85346.856749 11.763092
85368.392671 11.781426
85389.928592 11.799984
85411.464514 11.818765
85433.000435 11.837768
85454.536357 11.856993
85476.072278 11.876439
85497.608200 11.896104
85519.144121 11.915987
85540.680043 11.936085
85562.215964 11.956398
85583.751885 11.976920
85605.287807 11.997651
85626.823728 12.018585
85648.359650 12.039720
85669.895571 12.061051
85691.431493 12.082573
85712.967414 12.104282
85734.503336 12.126172
85756.039257 12.148236
85777.575179 12.170470
85799.111100 12.192865
85820.647021 12.215415
85842.182943 12.238113
85863.718864 12.260951
85885.254786 12.283919
85906.790707 12.307011
85928.326629 12.330217
85949.862550 12.353527
85971.398472 12.376932
85992.934393 12.400422
86014.470315 12.423988
86036.006236 12.447618
86057.542158 12.471303
86079.078079 12.495032
86100.614000 12.518793
86122.149922 12.542576
86143.685843 12.566371